StartWavelength[nm] EndWavelength[nm] w_r[nm] sigma(w_r)[nm] width[nm] sigma(width)[nm] Q_L[-] sigma(Q_L)[nm] Amplitude[-] sigma(Amp)[-] w_r1[nm] sigma1(w_r)[nm] width1[nm] sigma1(width)[nm] Q_L1[-] sigma1(Q_L)[nm] Amplitude1[-] sigma1(Amp)[-] b[-] c[-] R2
1.520308349609375000e+03 1.521308349609375000e+03 1.520807809336096398e+03 3.139801000188130822e-05 2.425704536892430135e-03 7.232438935264590271e-05 6.269550912760393694e+05 1.869318519153745365e+04 -2.222323465090977781e-04 4.339243815391531780e-06 nan nan nan nan nan nan nan nan 1.488946483157157452e+01 -9.709095394155953587e-03 8.825689069261415387e-01
1.521191162109375000e+03 1.522191162109375000e+03 1.521425789591361081e+03 2.913513051540803436e-02 8.289669235858569962e-01 1.407024525934578163e-01 1.835327497760874621e+03 3.115143373558199755e+02 -8.220188122776899559e-03 3.783521784658358880e-03 nan nan nan nan nan nan nan nan 8.892588754948809182e+00 -5.755959704709958519e-03 7.015764613264237060e-01
1.521892211914062500e+03 1.522892211914062500e+03 1.522393474581027021e+03 1.016908899055566447e-04 4.017987498128094970e-03 2.788419195609120036e-04 3.788945274942447431e+05 2.629467548291029379e+04 -1.130884050117934023e-04 5.093749769236656397e-06 nan nan nan nan nan nan nan nan -1.544281835228904498e+01 1.022913132327551294e-02 6.940017332375649772e-01
1.523678833007812500e+03 1.524678833007812500e+03 1.524178285110981733e+03 1.278242117701870945e-04 5.052419670963439156e-03 3.503510295105417361e-04 3.016729377946425229e+05 2.091897174324510343e+04 -1.782234840689424324e-04 7.682644428372249540e-06 nan nan nan nan nan nan nan nan 2.067366605573972649e+01 -1.348587048078214203e-02 7.251062554044600539e-01
1.524241088867187500e+03 1.525241088867187500e+03 1.524673489128967731e+03 3.607928747644749759e-03 1.708552732912862471e-01 1.358028294229531203e-02 8.923771913844273513e+03 7.092982570670282030e+02 -5.437906363781554089e-04 4.029720484888181211e-05 nan nan nan nan nan nan nan nan -7.959303136911124454e+00 5.297993941908759295e-03 5.967994852095808156e-01
1.525566284179687500e+03 1.526566284179687500e+03 1.526054379886110155e+03 8.186941739561999140e-05 2.601264795864217244e-03 2.183129962314094257e-04 5.866586063488817308e+05 4.923574036777101719e+04 -5.955056900021455740e-05 3.415195815341885045e-06 1.526066231244442406e+03 8.186941739561999140e-05 2.380394159181568187e-03 2.183129962314094257e-04 6.410981245934234466e+05 4.444012712550596916e+04 -7.711260619626843758e-05 3.415195815341885045e-06 -2.005804226231441234e+01 1.322982380016057835e-02 8.244715509720306201e-01
1.527365844726562500e+03 1.528365844726562500e+03 1.527848750156151709e+03 1.421924803842948776e-03 2.205009652616160554e-02 4.074245586079803388e-03 6.928988942716948804e+04 1.280284763503147951e+04 -1.006155522287857960e-04 1.563551313467416798e-05 1.527865525078959081e+03 1.421924803842948776e-03 4.551942753265584250e-03 4.074245586079803388e-03 3.356513049253225909e+05 2.305559886102472592e+04 -1.892870817526267008e-04 1.563551313467416798e-05 5.176441234848653039e+00 -3.306201574372915480e-03 7.330522923956304115e-01
1.527938110351562500e+03 1.528938110351562500e+03 1.528542861855790306e+03 6.206488166334579379e-03 1.192264740302395321e-01 2.256902184064046510e-02 1.282049875489989245e+04 2.426861305991630161e+03 -1.645364381500914969e-04 2.708241985541620046e-05 1.528437571948314144e+03 6.206488166334579379e-03 8.777186478497126659e-03 2.256902184064046510e-02 1.741375297987312078e+05 4.191380236276076903e+04 -2.824970771579088150e-05 2.708241985541620046e-05 -2.938430367785708874e+00 2.004048317747289878e-03 2.131902248171552161e-01
1.529129516601562500e+03 1.530129516601562500e+03 1.529629237342382339e+03 9.098277035940954089e-04 1.720854393151969100e-02 3.242206809984523111e-03 8.888777827045942831e+04 1.674706245811138797e+04 -1.300795418118198148e-04 2.441871984237468192e-05 1.529597269365188822e+03 9.098277035940954089e-04 3.773377146263803827e-02 3.242206809984523111e-03 4.053655942872591550e+04 1.209539853247565588e+04 -1.215205202606478108e-04 2.441871984237468192e-05 -3.953364317718013776e+00 2.669237840560714867e-03 3.233031646262549685e-01
1.531052856445312500e+03 1.532052856445312500e+03 1.531554360639736387e+03 1.914256611080595498e-04 7.491017484550017286e-03 5.347466810475931098e-04 2.044521139883224096e+05 1.459482501730599142e+04 -1.414473742548718336e-04 6.831775315455453738e-06 1.531271488651729896e+03 1.914256611080595498e-04 3.810575439126858560e-02 5.347466810475931098e-04 4.018478345629078831e+04 3.588990878392261493e+03 -2.539619330042709321e-04 6.831775315455453738e-06 -4.787953942340038793e+00 3.206630253684409661e-03 6.306252568482764165e-01
1.532887451171875000e+03 1.533887451171875000e+03 1.533387389367752576e+03 4.481009446680179868e-05 3.427129924926409447e-03 1.223155086377514754e-04 4.474261037537638331e+05 1.596879974127111200e+04 -1.321213296999018921e-04 2.968211373706476173e-06 nan nan nan nan nan nan nan nan 3.920149489932156062e+00 -2.465897345712363565e-03 8.155870673654477265e-01
1.533942016601562500e+03 1.534942016601562500e+03 1.534444160394480605e+03 9.621976780938984453e-04 3.952369688760333510e-02 2.936671755479148063e-03 3.882339662603173929e+04 2.884638363959621984e+03 -1.845232877523958807e-04 1.036373161595920340e-05 1.534595049517060033e+03 9.621976780938984453e-04 8.717489153513144351e-02 2.936671755479148063e-03 1.760363589209191923e+04 2.029793663832478160e+03 -1.988430048644478272e-04 1.036373161595920340e-05 1.198652628197202752e+01 -7.726353449482591812e-03 7.682607840923384446e-01
1.534734985351562500e+03 1.535734985351562500e+03 1.535234707055061108e+03 7.528439977360294039e-05 4.767406075767664786e-03 2.108840544014121900e-04 3.220272581474721665e+05 1.424473030966125043e+04 -1.344584510134943524e-04 3.800998712345431149e-06 nan nan nan nan nan nan nan nan 4.981534727118232198e+00 -3.163123473010877318e-03 7.370230211443001833e-01
1.535476928710937500e+03 1.536476928710937500e+03 1.535975201091873942e+03 6.340582069467175274e-04 1.045453167811067306e-02 1.815945343111887876e-03 1.469195606636157900e+05 2.551983199386185879e+04 -4.595191945616611235e-05 5.667042645276256958e-06 nan nan nan nan nan nan nan nan -9.652200373806094191e+00 6.366684534288776474e-03 4.805760474146485439e-01
1.536579467773437500e+03 1.537579467773437500e+03 1.537080175789299801e+03 8.648273070174980189e-05 3.855533603305043040e-03 2.363399913708535884e-04 3.986685979008671711e+05 2.443794885019092544e+04 -1.327882784568658043e-04 5.205186699234411155e-06 nan nan nan nan nan nan nan nan -3.317176526936466807e+00 2.245118393836357563e-03 5.905562650324414076e-01
1.537494262695312500e+03 1.538494262695312500e+03 1.537948658485786609e+03 3.638104913761346180e-03 3.739852379906161151e-02 1.124802265484881915e-02 4.112324504435055132e+04 1.236827406341819369e+04 -5.578134970076237302e-05 1.536581497144523748e-05 1.537984316966139659e+03 3.638104913761346180e-03 1.942313299143544336e-02 1.124802265484881915e-02 7.918312239556347777e+04 1.670775101864507815e+04 -5.534434914776539100e-05 1.536581497144523748e-05 -2.524976621284099831e+00 1.728353677297298071e-03 2.969638092125819195e-01
1.538508789062500000e+03 1.539508789062500000e+03 1.539012541637723189e+03 6.347808197568629131e-04 2.326412730873495330e-02 1.845024510139146867e-03 6.615389097616706567e+04 5.246513169136751458e+03 -1.155616736790336603e-04 6.649505085180934022e-06 1.538914894953972407e+03 6.347808197568629131e-04 6.311831900267766970e-03 1.845024510139146867e-03 2.438143029266490776e+05 3.932628284170970437e+04 -2.899027357641175028e-05 6.649505085180934022e-06 -1.508463377154569907e+00 1.066362452061416681e-03 4.578801335657675109e-01
1.539161010742187500e+03 1.540161010742187500e+03 1.539680888745299399e+03 8.135897684980388390e-04 1.159476533883416378e-02 2.916403374499510967e-03 1.327910348981769057e+05 3.340060889236759976e+04 -3.476277136227937217e-05 8.649488417183334946e-06 1.539658333902177901e+03 8.135897684980388390e-04 2.631884859420966297e-02 2.916403374499510967e-03 5.850021623821772664e+04 1.323830870513998525e+04 -5.907176526332656832e-05 8.649488417183334946e-06 -3.750986924031458170e+00 2.523333147704430283e-03 3.695769575382757965e-01
1.540300415039062500e+03 1.541300415039062500e+03 1.540800156127749915e+03 5.906069949407268416e-05 3.104007779499071400e-03 1.665361190417246175e-04 4.963905587815266917e+05 2.663232925330828584e+04 -1.350938644073562157e-04 4.334891568240599395e-06 nan nan nan nan nan nan nan nan 1.106100553775954332e+01 -7.092853094904376550e-03 7.530168472448537376e-01
1.540859619140625000e+03 1.541859619140625000e+03 1.541373766357352224e+03 1.306333080467754872e-03 2.967540531173336674e-02 4.992522175702618359e-03 5.194111925904876989e+04 8.738454858858296575e+03 -7.679287074195082505e-05 1.368770399506706683e-05 1.541314834646755571e+03 1.306333080467754872e-03 8.184774417116755241e-02 4.992522175702618359e-03 1.883148827441616231e+04 4.975497314209357683e+03 -8.734403983677158621e-05 1.368770399506706683e-05 4.755427504830345597e+00 -3.000969872255121896e-03 4.793598189121427433e-01
1.542158935546875000e+03 1.543158935546875000e+03 1.542659101627468772e+03 6.120599387131839557e-05 3.843321747036664536e-03 1.685794303316058801e-04 4.013869259884142666e+05 1.760601473917231488e+04 -1.495068155969630824e-04 4.046143062611422934e-06 nan nan nan nan nan nan nan nan -3.007272357920147687e+00 2.033170745503264099e-03 7.532793934595363172e-01
1.544021362304687500e+03 1.545021362304687500e+03 1.544521204550188486e+03 3.958873728183839251e-05 3.395384638265853787e-03 1.176643714084702803e-04 4.548884350666767568e+05 1.576379923791333204e+04 -1.803669552528617030e-04 3.511764583160312364e-06 nan nan nan nan nan nan nan nan -3.624262504053302969e+00 2.435915987156149660e-03 8.679934977726275758e-01
1.545894897460937500e+03 1.546894897460937500e+03 1.546393791942836060e+03 4.625455018263739909e-05 2.679398243475661009e-03 1.301789516779171079e-04 5.771421981440449599e+05 2.804053727602483559e+04 -2.124781847142087935e-04 6.191429183269666711e-06 1.546533991996755049e+03 4.625455018263739909e-05 2.794710730514492897e-02 1.301789516779171079e-04 5.533789150736346346e+04 8.884540657268442374e+03 -8.432363357543683745e-05 6.191429183269666711e-06 7.567219659998153602e+00 -4.806324342798354646e-03 8.211935879590438470e-01
1.547758300781250000e+03 1.548758300781250000e+03 1.548188240521479202e+03 1.874893999691279716e-03 4.829323507333176807e-02 5.968551369678352057e-03 3.205807683354829715e+04 3.962051374540763391e+03 -1.713942757921351476e-04 1.610888408262545559e-05 1.548256370647733775e+03 1.874893999691279716e-03 1.091896898116822244e-02 5.968551369678352057e-03 1.417951066000817227e+05 6.893640310428376324e+03 -2.194420802237110333e-04 1.610888408262545559e-05 -9.404307983721400532e+00 6.160438411515862037e-03 7.596979742019691617e-01
1.549650756835937500e+03 1.550650756835937500e+03 1.550028220315557292e+03 8.334778834918477172e-04 3.116392156882366940e-02 2.476605604174146255e-03 4.973790660114491766e+04 3.952685414095502438e+03 -1.667985856081605537e-04 9.823890244730353155e-06 1.550150338888769056e+03 8.334778834918477172e-04 9.362518198534529323e-03 2.476605604174146255e-03 1.655698078249297105e+05 7.487072619029240741e+03 -1.710582663333829205e-04 9.823890244730353155e-06 4.694573216473459931e-01 -2.133163815530512682e-04 7.312903526100410501e-01
1.551534301757812500e+03 1.552534301757812500e+03 1.552034267596350674e+03 3.640671649991741095e-05 2.814375223759762491e-03 1.011010562766919042e-04 5.514667179037224269e+05 1.981038889584748904e+04 -1.116421914474228014e-04 2.452246048035210064e-06 1.551795742256388394e+03 3.640671649991741095e-05 2.583908609563893496e-02 1.011010562766919042e-04 6.005613884766215051e+04 4.855545490663726923e+03 -1.102988109413276729e-04 2.452246048035210064e-06 1.140387149756816543e+00 -6.461454928396626225e-04 8.279887089363658914e-01
1.553417724609375000e+03 1.554417724609375000e+03 1.553911103705660707e+03 1.632183150988465053e-04 2.942812345352424554e-03 5.055865144274565050e-04 5.280360829530119663e+05 9.071863623713969719e+04 -2.822953004328328881e-05 3.760665023087023017e-06 1.553917133063336451e+03 1.632183150988465053e-04 2.960659205640471265e-03 5.055865144274565050e-04 5.248551167601142079e+05 2.833813919752943548e+04 -1.361725532538249383e-04 3.760665023087023017e-06 5.715615440808670122e+00 -3.593329779838632179e-03 7.908641068379949068e-01
1.555308105468750000e+03 1.556308105468750000e+03 1.555808024426139127e+03 6.619546968913129657e-05 4.769663981899044218e-03 1.840641466571550395e-04 3.261881822976329131e+05 1.258779437129112921e+04 -1.656598974003530781e-04 4.040380161993885406e-06 nan nan nan nan nan nan nan nan -1.505238914657980409e+01 9.764262283934508832e-03 8.531725052607868065e-01
1.556636352539062500e+03 1.557636352539062500e+03 1.557137849897237857e+03 1.172196561477925917e-03 2.678062962806836492e-02 3.444672869520538222e-03 5.814418374485212553e+04 7.478826862973413881e+03 -6.854401385516409957e-05 6.470392851450352520e-06 nan nan nan nan nan nan nan nan 3.998123444906722668e+00 -2.475580001188457981e-03 3.336732011646289520e-01
1.557203613281250000e+03 1.558203613281250000e+03 1.557703269019411209e+03 3.548691729585476510e-05 3.232267191719457623e-03 1.005912763561974337e-04 4.819228042192778667e+05 1.499790305262472430e+04 -1.562410660755333069e-04 2.869025006277834693e-06 nan nan nan nan nan nan nan nan 1.515688456923091820e+01 -9.640477945047727301e-03 9.147934570617157757e-01
1.558442871093750000e+03 1.559442871093750000e+03 1.558942456727033459e+03 6.401731665638984818e-04 2.367527142641162249e-02 1.861540320100833496e-03 6.584686733466171427e+04 5.177410484119357534e+03 -1.250231124129096139e-04 7.129674257182297379e-06 nan nan nan nan nan nan nan nan 3.877444748269097463e+00 -2.403068487911322847e-03 4.564202252660503056e-01
1.559103027343750000e+03 1.560103027343750000e+03 1.559603278647292882e+03 6.270242864932684592e-05 4.926000667458832818e-03 1.720987596481580485e-04 3.166063880076254136e+05 1.106121788264804854e+04 -1.833035653329382622e-04 4.018245482011399735e-06 nan nan nan nan nan nan nan nan -3.850485070128633946e+00 2.553249397799328257e-03 8.228084318706170297e-01
1.560245483398437500e+03 1.561245483398437500e+03 1.560785503735653037e+03 2.907941052262262484e-03 2.991999218108085806e-02 9.291135610758213814e-03 5.216530453248500271e+04 1.619903226121206899e+04 -3.543629518334166160e-05 8.444686561726250782e-06 1.560744386576364377e+03 2.907941052262262484e-03 1.280968938643196192e-02 9.291135610758213814e-03 1.218409236549878115e+05 1.974781697802399867e+04 -4.303338385121296728e-05 8.444686561726250782e-06 -4.311947207819476269e+00 2.849689112816360722e-03 3.635144103988057207e-01
1.561006469726562500e+03 1.562006469726562500e+03 1.561506393283383431e+03 4.442379532107873432e-05 3.951602304059242433e-03 1.232347015616222518e-04 3.951577798401783220e+05 1.232339373280408654e+04 -1.651505719335230593e-04 3.156647692432740853e-06 nan nan nan nan nan nan nan nan 4.616066016650573367e+00 -2.869236121315485270e-03 8.633011606699287910e-01
1.562086059570312500e+03 1.563086059570312500e+03 1.562578825428267237e+03 9.783581816978858224e-04 2.305312017335493791e-02 3.726099510899945257e-03 6.778166311883082381e+04 1.095561988562696024e+04 -7.234593465719311198e-05 1.175793765653728308e-05 1.562633496916908143e+03 9.783581816978858224e-04 7.793184643087616714e-02 3.726099510899945257e-03 2.005128286422585370e+04 6.503149601613336927e+03 -7.119099792034538530e-05 1.175793765653728308e-05 6.318787866193005254e-01 -3.193024208457285323e-04 3.201093540143231664e-01
1.562911865234375000e+03 1.563911865234375000e+03 1.563412317918924373e+03 4.115329697404990862e-05 3.256349059895059361e-03 1.187658974419411606e-04 4.801120178342636209e+05 1.751069483705779930e+04 -1.343633766279957187e-04 3.081640919761748750e-06 1.563420095110445800e+03 4.115329697404990862e-05 2.728589649338569907e-03 1.187658974419411606e-04 5.729773604797739536e+05 3.476641887098080770e+04 -5.902651454802166329e-05 3.081640919761748750e-06 -6.893823103220503512e+00 4.495799681141266629e-03 8.903449784776531484e-01
1.563909545898437500e+03 1.564909545898437500e+03 1.564436348156230224e+03 1.787185135777726464e-03 2.255034830534661389e-02 5.684367573103002620e-03 6.937526316546105954e+04 1.748773415724951701e+04 -4.622785618634790364e-05 9.267151835705851040e-06 1.564411255479028341e+03 1.787185135777726464e-03 9.031982711693080368e-03 5.684367573103002620e-03 1.732079550433255208e+05 3.407257726944470778e+04 -3.650524083920761659e-05 9.267151835705851040e-06 1.890845312639892528e+00 -1.121028378200723818e-03 2.518491802927864676e-01
1.564808349609375000e+03 1.565808349609375000e+03 1.565400992666616048e+03 5.554087588125724206e-04 2.265495926090482434e-02 1.612367494003732419e-03 6.909749757828940346e+04 4.917711735014181613e+03 -1.707133113997033765e-04 8.774207584087107361e-06 1.565308007600626297e+03 5.554087588125724206e-04 5.264037600196398714e-03 1.612367494003732419e-03 2.973588196904644719e+05 2.554057156647232841e+04 -6.876198589557202352e-05 8.774207584087107361e-06 1.391314931433188207e+01 -8.804421013385705513e-03 7.600714861100319464e-01
1.565745117187500000e+03 1.566745117187500000e+03 1.566246493097198027e+03 4.815463227227944113e-04 9.900823445535751957e-03 1.364327403608600348e-03 1.581935585169346014e+05 2.179897542328843701e+04 -4.666557377746869480e-05 4.583161753171466652e-06 nan nan nan nan nan nan nan nan 5.727438935558227584e+00 -3.576979545868007575e-03 3.658993422941650975e-01
1.566751708984375000e+03 1.567751708984375000e+03 1.567251168151686215e+03 4.700742733848221308e-05 3.787961322990859164e-03 1.620532106991097454e-04 4.137452931843117112e+05 1.770048515681227218e+04 -2.235352530108406790e-04 4.941053841662326998e-06 nan nan nan nan nan nan nan nan -1.801522455547293333e+01 1.157785725704808810e-02 9.131858739831515415e-01
1.568676147460937500e+03 1.569676147460937500e+03 1.569176310474653974e+03 4.092067743754978327e-05 3.104611086920689138e-03 1.372140978897928474e-04 5.054340999700038810e+05 2.233860606963271857e+04 -1.842023752345274871e-04 4.218224081628120792e-06 nan nan nan nan nan nan nan nan 1.474881844412962728e+01 -9.311043741709700353e-03 8.854445596544675556e-01
1.570596557617187500e+03 1.571596557617187500e+03 1.571581847470253933e+03 9.034920042431911213e-02 1.018248332192207783e+00 3.977241831825797380e-01 1.543417060243804144e+03 6.028532302359876667e+02 -1.500823524957244949e-02 1.682989612092231427e-02 nan nan nan nan nan nan nan nan -3.124632305702420254e+01 1.981988142422657501e-02 1.979366883479234396e-01
1.571360473632812500e+03 1.572360473632812500e+03 1.571860510684143946e+03 4.487979351449994337e-04 7.979594620046392278e-03 1.294673333881679340e-03 1.969850080773909576e+05 3.196042521909182688e+04 -3.690970933163046958e-05 4.389157008851126818e-06 1.571426899981702718e+03 4.487979351449994337e-04 4.149125827175795256e-01 1.294673333881679340e-03 3.787368630011717869e+03 7.591155924580129977e+02 -1.079044170624076640e-03 4.389157008851126818e-06 1.423125965519311142e+00 -8.215527530839839779e-04 4.444681813221118549e-01
1.572538940429687500e+03 1.573538940429687500e+03 1.573038387454753774e+03 5.571589191057482634e-05 4.316122284919074806e-03 1.795325078706752175e-04 3.644563994285086519e+05 1.515985115332922032e+04 -2.296477777069025989e-04 5.070572129704356397e-06 nan nan nan nan nan nan nan nan 1.036764656174233856e+01 -6.509715882980396384e-03 8.648176190418781495e-01
1.574469238281250000e+03 1.575469238281250000e+03 1.574968862122031169e+03 6.260238075047371963e-05 4.110506772527445542e-03 1.814835110115831974e-04 3.831568585772267543e+05 1.691680754001911555e+04 -1.928595886286010798e-04 4.913084345584302687e-06 nan nan nan nan nan nan nan nan -2.349761955575787553e+01 1.500345362520017628e-02 8.860757712316090773e-01
1.576414672851562500e+03 1.577414672851562500e+03 1.576914026734502613e+03 5.551729524091013356e-05 3.347192047424060041e-03 2.108541556416057344e-04 4.711154915500195930e+05 2.967760970181638913e+04 -2.038354757298183344e-04 6.452376869041441189e-06 nan nan nan nan nan nan nan nan 2.546144187799631098e+01 -1.606617111819186663e-02 8.981992406177849997e-01
1.577091796875000000e+03 1.578091796875000000e+03 1.577727796784899510e+03 1.800440108396793998e-02 7.060100307391583563e-01 1.079350595856219813e-01 2.234710171374045331e+03 3.416432708799971465e+02 -2.543282163261331111e-03 7.603115978937756729e-04 nan nan nan nan nan nan nan nan 8.219189151686702388e+00 -5.132706127880248825e-03 6.525031678317543271e-01
1.578348999023437500e+03 1.579348999023437500e+03 1.578848889875960367e+03 5.393726111985589665e-05 3.913018803798657720e-03 1.810710704136127269e-04 4.034861494514809456e+05 1.867092202760233340e+04 -2.144982851379197098e-04 5.148650374243384028e-06 nan nan nan nan nan nan nan nan -2.528000385701767883e+01 1.609189108527782699e-02 9.170347876961835176e-01
1.580297363281250000e+03 1.581297363281250000e+03 1.580796905052082138e+03 6.684473878117456807e-05 4.708546427227793159e-03 1.974897468654387088e-04 3.357292806779847597e+05 1.408143504182911602e+04 -2.211824579019844750e-04 5.263503351735516469e-06 nan nan nan nan nan nan nan nan 2.152440950522605334e+01 -1.353533614327493903e-02 8.861690691338003356e-01
1.580960571289062500e+03 1.581960571289062500e+03 1.581463882060440710e+03 1.165139637624864081e-03 2.901872601294910176e-02 3.426084319170362696e-03 5.449804658394513535e+04 6.434290145852283786e+03 -1.141088698848107891e-04 9.875255928555196565e-06 nan nan nan nan nan nan nan nan 5.872359051172702848e+00 -3.636157222348300033e-03 3.585414543239239249e-01
1.582257812500000000e+03 1.583257812500000000e+03 1.582757309094500897e+03 5.830350946438184211e-05 2.703255619376096746e-03 1.709117291154988155e-04 5.855004231748518068e+05 3.701791610287404910e+04 -1.247938215639141991e-04 4.778209429118076872e-06 1.582765397505461578e+03 5.830350946438184211e-05 3.928597461332592605e-03 1.709117291154988155e-04 4.028830678337257123e+05 3.193557690689931405e+04 -8.626034025005575498e-05 4.778209429118076872e-06 -1.359764107477954198e+01 8.672827374147443202e-03 8.220875589651216453e-01
1.584199218750000000e+03 1.585199218750000000e+03 1.584181280101896846e+03 6.164939135502402884e-02 9.437697270152961559e-01 2.453729866208105848e-01 1.678567594143885117e+03 4.364148760486282299e+02 -2.038999300306259740e-02 1.405242273123284702e-02 nan nan nan nan nan nan nan nan 4.283369696744706800e+01 -2.708817753922507926e-02 4.031143920179276474e-01
1.586188476562500000e+03 1.587188476562500000e+03 1.586688080079146403e+03 6.139602847791755390e-05 3.031330767513840292e-03 1.586035162403687303e-04 5.234295435797907994e+05 2.738657457165462620e+04 -2.646414115557676854e-04 8.599550495478446027e-06 nan nan nan nan nan nan nan nan -2.149428152746736842e+01 1.363145789579845585e-02 8.328881799744245473e-01
1.588144775390625000e+03 1.589144775390625000e+03 1.588644782906535283e+03 1.277570889582468189e-04 8.268870375662935868e-03 3.710905583928244644e-04 1.921235562698211579e+05 8.622125458216742118e+03 -3.493018209038691816e-04 9.143595940342389453e-06 nan nan nan nan nan nan nan nan 2.174140759704160786e+01 -1.360900411610794190e-02 8.431305719365060902e-01
1.590131103515625000e+03 1.591131103515625000e+03 1.590631178936592960e+03 6.323905329279298488e-05 4.413053553670578250e-03 2.157896075539941512e-04 3.604377693566799862e+05 1.762469542941483815e+04 -2.498802924804839100e-04 6.325751913436323624e-06 nan nan nan nan nan nan nan nan -7.714829275246394502e+00 4.929988880286707842e-03 8.402376403684364004e-01
1.592103515625000000e+03 1.593103515625000000e+03 1.592619525670699659e+03 1.720262461637545102e-04 2.794784113494506138e-03 4.501916396002372074e-04 5.698542216483907541e+05 9.179371141346944205e+04 -3.093345664063875750e-05 3.586670846853842900e-06 1.592603050544897997e+03 1.720262461637545102e-04 4.883937111845182075e-03 4.501916396002372074e-04 3.260899995379347820e+05 2.038672665132292968e+04 -2.771135196346448306e-04 3.586670846853842900e-06 8.735711977557158656e-03 7.048134556266685174e-05 7.982397763650793676e-01
1.594074829101562500e+03 1.595074829101562500e+03 1.594574420653175821e+03 7.888994497631073965e-05 4.671423787336867646e-03 2.167816835693368058e-04 3.413465558350095525e+05 1.584049840546267114e+04 -1.764009865158629013e-04 5.124069422161052335e-06 1.594597064837135576e+03 7.888994497631073965e-05 3.080427493137055661e-03 2.167816835693368058e-04 5.176544711374539183e+05 3.426092674498024280e+04 -8.988571832010554307e-05 5.124069422161052335e-06 5.147774192364757084e+00 -3.145949184122290646e-03 7.996470177363641518e-01
1.596080078125000000e+03 1.597080078125000000e+03 1.596611446141569786e+03 6.611876707501165113e-04 2.712020291655795317e-03 2.043064668049074644e-03 5.887166298327272525e+05 4.435018976830753963e+05 -1.222388906181756721e-05 6.409303956126236009e-06 nan nan nan nan nan nan nan nan 2.461490900587186559e+00 -1.612448050868982253e-03 1.640696252264439714e-02
1.598086425781250000e+03 1.599086425781250000e+03 1.598585990505671816e+03 8.866609534111249491e-05 5.441167661186656866e-03 2.487530048322054315e-04 2.937946576998214587e+05 1.343136408529546861e+04 -2.230888288413579630e-04 6.198456209530544060e-06 1.598558224973820643e+03 8.866609534111249491e-05 5.708770299693394397e-03 2.487530048322054315e-04 2.800179620223423117e+05 2.335673484961282156e+04 -9.093026088733656691e-05 6.198456209530544060e-06 2.615429965900768927e+00 -1.554973008692372202e-03 7.851059353791098872e-01
1.600081665039062500e+03 1.601081665039062500e+03 1.600582192338977165e+03 8.696272180844879824e-05 4.954012993045271707e-03 3.196974019120446325e-04 3.230880085671891575e+05 2.084984376765026900e+04 -2.777198779582987285e-04 8.907555374368343465e-06 1.600560891538032820e+03 8.696272180844879824e-05 4.542371563955981649e-03 3.196974019120446325e-04 3.523623880174376536e+05 3.644489164639377850e+04 -7.226465772626285600e-05 8.907555374368343465e-06 -7.555573665343658263e+00 4.796447692947397937e-03 8.049352746307874007e-01
1.602076049804687500e+03 1.603076049804687500e+03 1.602576530429720378e+03 7.389361292244208106e-05 3.634301052688815922e-03 2.027012948952204487e-04 4.409586622561341501e+05 2.459424536899157465e+04 -2.781608051856323139e-04 9.486094626738628290e-06 1.602567470872377271e+03 7.389361292244208106e-05 4.300338568512715974e-03 2.027012948952204487e-04 3.726607673652610974e+05 2.929788303474516943e+04 -1.202713668983367593e-04 9.486094626738628290e-06 1.021910049966324152e+01 -6.299695982565060685e-03 8.513398079487941583e-01
1.604083251953125000e+03 1.605083251953125000e+03 1.604577366287357563e+03 7.811776335987548477e-05 3.329813438901330688e-03 2.344697552242560787e-04 4.818820620823689969e+05 3.393186171436670702e+04 -2.401431746075460133e-04 2.538614753385670721e-05 1.604580796285491033e+03 7.811776335987548477e-05 5.152800217359222550e-03 2.344697552242560787e-04 3.113997687858794234e+05 1.227915770739919208e+04 -4.588681703528266513e-04 2.538614753385670721e-05 -1.495260284598769296e+01 9.394886701378550586e-03 8.562405819340562774e-01
1.606095581054687500e+03 1.607095581054687500e+03 1.606596040716127618e+03 7.798626929588536373e-05 4.790998395868102493e-03 3.237552511519684777e-04 3.353363762554592104e+05 2.266060301932818402e+04 -3.201454391179687445e-04 1.085221780392451734e-05 nan nan nan nan nan nan nan nan 1.093290731243480352e+01 -6.724059720685604188e-03 8.333549864390075168e-01
1.608110839843750000e+03 1.609110839843750000e+03 1.608610855818702930e+03 1.073606006739052438e-04 6.944106574950002775e-03 3.466992498752708199e-04 2.316512338133699959e+05 1.156567920278878228e+04 -3.567078312744106331e-04 9.471170180640256836e-06 nan nan nan nan nan nan nan nan -1.002358596795638945e+01 6.307045074405204926e-03 8.117391658128607634e-01
1.610136108398437500e+03 1.611136108398437500e+03 1.610634135698732962e+03 1.622480818371457932e-04 1.116359159415414651e-02 4.563919894239201833e-04 1.442756233166167804e+05 5.898302369420909599e+03 -4.220875582181271850e-04 1.064833747153517517e-05 nan nan nan nan nan nan nan nan -6.027231755221302834e+00 3.820844066604533410e-03 7.787945864273322361e-01
1.612172363281250000e+03 1.613172363281250000e+03 1.612670816086127616e+03 1.098487695650716435e-04 7.429930399774875051e-03 3.219811727319503176e-04 2.170505952700433263e+05 9.406037667515744033e+03 -3.659315197895192102e-04 9.073394281284314370e-06 nan nan nan nan nan nan nan nan -9.408080425934350899e+00 5.915791749072345056e-03 8.080290511226015937e-01
1.614176635742187500e+03 1.615176635742187500e+03 1.614679394103687855e+03 4.291556056858884544e-04 1.996906586371677630e-02 1.290446306052696638e-03 8.085903492549015209e+04 5.225294144632864118e+03 -3.084119379392353112e-04 1.417816144957940894e-05 1.614714323838191603e+03 4.291556056858884544e-04 9.636128976775244770e-03 1.290446306052696638e-03 1.675687745286447753e+05 3.703108003079248010e+04 -5.676163442622319296e-05 1.417816144957940894e-05 1.181046031269379881e+01 -7.237732107887084008e-03 6.534403594170969942e-01
1.616224853515625000e+03 1.617224853515625000e+03 1.616724222276642195e+03 1.749766551798764705e-04 8.057004838733347954e-03 5.201281154258933625e-04 2.006606989367043134e+05 1.295385484645498764e+04 -3.296148042134011062e-04 1.598496659862837945e-05 1.616734928477837911e+03 1.749766551798764705e-04 7.286277558635388674e-03 5.201281154258933625e-04 2.218876395343671611e+05 3.150119046775702373e+04 -1.088944763747254379e-04 1.598496659862837945e-05 -1.264187677318582281e+01 7.896642687764982710e-03 8.165076080073497833e-01
1.618281127929687500e+03 1.619281127929687500e+03 1.618365063829984365e+03 2.249947451931449960e-02 5.252027232410738655e-01 1.210919525264258778e-01 3.081410267340020710e+03 7.104570672879972335e+02 -4.741563326511216356e-03 2.260418589280668248e-03 nan nan nan nan nan nan nan nan 2.714887745743744318e+01 -1.684410676709914914e-02 1.017197307853638932e-01
