StartWavelength[nm] EndWavelength[nm] w_r[nm] sigma(w_r)[nm] width[nm] sigma(width)[nm] Q_L[-] sigma(Q_L)[nm] Amplitude[-] sigma(Amp)[-] w_r1[nm] sigma1(w_r)[nm] width1[nm] sigma1(width)[nm] Q_L1[-] sigma1(Q_L)[nm] Amplitude1[-] sigma1(Amp)[-] b[-] c[-] R2
1.524966064453125000e+03 1.525966064453125000e+03 1.525380877341763380e+03 5.101066461423379127e-03 5.916939357022065193e-01 3.154538312505011932e-02 2.577989709378180578e+03 1.374421273022546472e+02 -1.616968767796565787e-03 1.430716002785932300e-04 nan nan nan nan nan nan nan nan 2.969032627939969249e+00 -1.330556042548183176e-03 7.215484910823624087e-01
1.526120605468750000e+03 1.527120605468750000e+03 1.525365096621871544e+03 2.813137866783955232e+01 5.633873711502005222e+00 9.681599337844566833e+01 2.707488976026772320e+02 4.652720297790874611e+03 -5.177973786138276857e-01 3.736205465071672904e+01 nan nan nan nan nan nan nan nan 5.802095851513329450e+01 -3.729257228752427822e-02 5.019282126282667011e-01
1.527058349609375000e+03 1.528058349609375000e+03 1.527703355307867014e+03 1.122745983299162052e-02 8.596422416684609269e-01 6.798311663017034268e-02 1.777138536541411440e+03 1.405415079241159617e+02 -3.317695776730415508e-03 5.762583769968474337e-04 nan nan nan nan nan nan nan nan -4.696223606537529349e+00 3.691293370196491522e-03 6.639963365921910388e-01
1.527269042968750000e+03 1.528269042968750000e+03 1.527649968452595203e+03 6.737763562489004071e-03 5.840771098429250463e-01 4.033558185169439786e-02 2.615493644089945064e+03 1.806224835746545807e+02 -1.434790669272746405e-03 1.704089784720680032e-04 nan nan nan nan nan nan nan nan -1.065328734299777702e+00 1.312664602253653043e-03 7.508378723517795672e-01
1.528184814453125000e+03 1.529184814453125000e+03 1.528597247318252357e+03 8.263892990670106825e-03 7.244142575512534377e-01 5.528945321592555057e-02 2.110114801557590454e+03 1.610502453223384407e+02 -1.769567218066416371e-03 2.512676025352656643e-04 nan nan nan nan nan nan nan nan 3.474759848544438867e+00 -1.657358545126994594e-03 6.118899206394781132e-01
1.529462036132812500e+03 1.530462036132812500e+03 1.529951032035334720e+03 1.359598595163324063e-02 8.079391117173821968e-01 1.068173648643214318e-01 1.893646451628291743e+03 2.503583766041191723e+02 -1.320214844946423702e-03 3.283237089828775542e-04 nan nan nan nan nan nan nan nan -2.787298705801272369e+00 2.436945514580932375e-03 5.884891880186271518e-01
1.530468750000000000e+03 1.531468750000000000e+03 1.530941501596838407e+03 4.765077949250272511e-03 6.384578113365676488e-01 3.182336391184564101e-02 2.397874181211625000e+03 1.195199142016096516e+02 -1.852803675575920165e-03 1.534343044632177210e-04 nan nan nan nan nan nan nan nan 2.629239624725785546e-04 6.157576148579745187e-04 7.715053950246529846e-01
1.531504272460937500e+03 1.532504272460937500e+03 1.531903880469724072e+03 5.800889197327391451e-03 6.589427797988991475e-01 3.674823452817831820e-02 2.324790448325788475e+03 1.296500203658955854e+02 -1.868233500201730256e-03 1.868715150352054767e-04 nan nan nan nan nan nan nan nan 2.645431730628624578e+00 -1.111533637093919339e-03 7.402912171921325335e-01
1.533776245117187500e+03 1.534776245117187500e+03 1.534209722898617656e+03 4.344565489017330855e-03 6.716997372449550197e-01 2.897857960359508100e-02 2.284070750409007815e+03 9.853975300785103286e+01 -2.380843921316825023e-03 1.796527791197425521e-04 nan nan nan nan nan nan nan nan 4.746679365382430404e+00 -2.476993759970758449e-03 8.183406164090513135e-01
1.536937988281250000e+03 1.537937988281250000e+03 1.537517134291924549e+03 3.506688464038419661e-03 6.869992875421453427e-01 2.325712496438391008e-02 2.238018528072494519e+03 7.576409123265824519e+01 -2.851801439750578128e-03 1.729582974326987163e-04 nan nan nan nan nan nan nan nan -2.979302307134726657e+00 2.555326326584140065e-03 8.818508941453795380e-01
1.539403686523437500e+03 1.540403686523437500e+03 1.539927269809254767e+03 3.326444526882803461e-03 6.663882676466085231e-01 2.284954407757999045e-02 2.310855914747123734e+03 7.923609515546367277e+01 -2.546883848081988103e-03 1.483776231450306584e-04 nan nan nan nan nan nan nan nan -1.101718709348849856e+00 1.332940126116460931e-03 8.757354282355347408e-01
1.540341308593750000e+03 1.541341308593750000e+03 1.540336158410777443e+03 9.024241551688219967e-03 6.802593374401625370e-01 3.083768204409515282e-02 2.264336663436493382e+03 1.026474622365892913e+02 -6.705283467217669317e-03 6.524137906751074347e-04 nan nan nan nan nan nan nan nan 2.705353811017652177e+01 -1.816602599154151093e-02 8.596794291170140045e-01
1.545007080078125000e+03 1.546007080078125000e+03 1.545717858792636889e+03 1.007904081294691556e-02 6.514803113315140726e-01 5.500498171967331540e-02 2.372624056179770832e+03 2.003224670908279847e+02 -1.931707433092998919e-03 3.527625140843360899e-04 nan nan nan nan nan nan nan nan -7.148257924161565136e+00 5.241008668174007568e-03 5.814375006183714056e-01
1.545982788085937500e+03 1.546982788085937500e+03 1.546589303625201183e+03 5.470123578955439492e-03 7.073065505488286275e-01 3.507361604998417842e-02 2.186589820814098402e+03 1.084276852372013451e+02 -2.884769944903937781e-03 2.687623708260371671e-04 nan nan nan nan nan nan nan nan -3.864471890640722052e+00 3.116243950419553699e-03 7.850140229993786134e-01
1.547508666992187500e+03 1.548508666992187500e+03 1.547851400916511238e+03 5.532961554442659621e-03 2.738385633394804231e-01 2.657967242065402760e-02 5.652423026327465777e+03 5.486427868027310524e+02 -2.970126040596148096e-04 3.492753433745796710e-05 nan nan nan nan nan nan nan nan 1.870792958186615396e+00 -1.822002394612673567e-03 3.599809223410729286e-01
1.549450073242187500e+03 1.550450073242187500e+03 1.549943549844312201e+03 3.943718729696745438e-03 5.745352204333917800e-01 2.479287403770010986e-02 2.697734611770426000e+03 1.164151337538217774e+02 -2.039844294440026039e-03 1.373105537901797275e-04 nan nan nan nan nan nan nan nan 2.634263385102321831e+00 -1.083471263994455333e-03 7.929494934477550050e-01
1.550299926757812500e+03 1.551299926757812500e+03 1.550789101630338337e+03 5.338748358336083827e-03 4.561086217310411084e-01 2.942073880280273931e-02 3.400043383842917592e+03 2.193157149212865420e+02 -8.535471416864160365e-04 7.582842508297345252e-05 nan nan nan nan nan nan nan nan 4.151588307862583704e+00 -2.062968307466424810e-03 6.412702703325618980e-01
1.551212646484375000e+03 1.552212646484375000e+03 1.551516646244004278e+03 9.341309961382760624e-03 4.570098636082312038e-01 5.355346461615251297e-02 3.394930328186596853e+03 3.978257274566731780e+02 -7.700105676614175552e-04 1.546425781482027616e-04 nan nan nan nan nan nan nan nan 2.022180344651690387e+00 -6.896894852782408259e-04 4.330742778476618371e-01
1.551913696289062500e+03 1.552913696289062500e+03 1.552422067828568970e+03 5.306951984743761216e-03 5.030742924185332976e-01 3.086625859516576795e-02 3.085870399708338482e+03 1.893344091157905211e+02 -1.160409385836735007e-03 1.032969755048496365e-04 nan nan nan nan nan nan nan nan -6.608438399861441548e-01 1.039685485399945977e-03 6.326461810259766949e-01
1.552798583984375000e+03 1.553798583984375000e+03 1.553310657057312937e+03 4.856355635876260200e-03 5.175775832802594900e-01 2.870111118875369807e-02 3.001116561526625446e+03 1.664202296277713629e+02 -1.268226738898057442e-03 1.036706429851176386e-04 nan nan nan nan nan nan nan nan 4.026368058815926076e+00 -1.978739488628764379e-03 7.216852292481542586e-01
1.553733276367187500e+03 1.554733276367187500e+03 1.554472238485018579e+03 1.007872398357573945e-02 2.745015867180802815e-01 5.644562352269634486e-02 5.662889810839231359e+03 1.164457190552868269e+03 -2.125287519240508780e-04 6.419481205616753760e-05 1.553777731993303860e+03 1.007872398357573945e-02 3.738706231743047503e-01 5.644562352269634486e-02 4.155923562009596026e+03 7.764761965708847811e+02 -6.537713967284394193e-04 6.419481205616753760e-05 2.021691015710677330e+00 -1.910805897894172220e-03 3.309917221831040202e-01
1.554473266601562500e+03 1.555473266601562500e+03 1.554906318980234346e+03 5.522612967364716637e-03 3.341735693923184036e-01 2.650538207727365023e-02 4.652990126681085712e+03 3.690575572968959932e+02 -4.021444902712371862e-04 3.852555205817192357e-05 nan nan nan nan nan nan nan nan 1.739732174913585505e-01 4.995207502139130612e-04 4.885884074304894797e-01
1.555327148437500000e+03 1.556327148437500000e+03 1.555781051303761387e+03 4.616090360737738069e-03 4.636810675210892851e-01 2.568049076424874788e-02 3.355282672249715688e+03 1.858288203580393656e+02 -9.188685821944568002e-04 7.154682266020395156e-05 nan nan nan nan nan nan nan nan 7.318724867638138898e-01 1.412936973548713487e-04 6.692814238246518332e-01
1.558587768554687500e+03 1.559587768554687500e+03 1.559298812723727906e+03 8.544425607588375035e-03 3.424794254914273473e-01 4.475432423926225395e-02 4.552970767473910200e+03 5.949704273947869524e+02 -4.920858252392481006e-04 9.977788615074637294e-05 1.559055599428873393e+03 8.544425607588375035e-03 2.473061984109268807e-01 4.475432423926225395e-02 6.304150924831767952e+03 5.394825339291296586e+02 -3.473485884958052374e-04 9.977788615074637294e-05 -6.441828505940009331e-01 1.022040063118071634e-03 7.325118330975211034e-01
1.572635742187500000e+03 1.573635742187500000e+03 1.573488575760022286e+03 3.457415585389738699e-01 2.569548515149483237e+00 1.577790055279123083e+00 6.123599404654497675e+02 3.760098244817647242e+02 -3.586025255160878861e-02 7.477538693569084349e-02 nan nan nan nan nan nan nan nan -1.286130124119054940e+01 8.786262893591880591e-03 4.111596101687959859e-01
1.573966918945312500e+03 1.574966918945312500e+03 1.574352104710648746e+03 6.433635590424060385e-03 5.005307561265328609e-01 3.690718925185354493e-02 3.145365365545402710e+03 2.319269966326356496e+02 -9.971424065879893120e-04 1.151808533248800410e-04 nan nan nan nan nan nan nan nan 3.638831514124458266e+00 -1.715668186284125115e-03 5.361342493200509374e-01
1.575130371093750000e+03 1.576130371093750000e+03 1.575340430248157872e+03 1.225697598038127251e-02 2.830274189783110739e-01 7.894278360396049521e-02 5.566034682911336859e+03 1.552493653308671810e+03 -1.788323919135970054e-04 7.675887366410560529e-05 nan nan nan nan nan nan nan nan 1.966461581487587706e-01 4.679021890064670192e-04 2.541917159817522753e-01
1.577160644531250000e+03 1.578160644531250000e+03 1.577761114828030259e+03 7.072129028957365067e-03 7.338097946149406692e-01 4.636301900864313319e-02 2.150095469434207644e+03 1.358457165633088835e+02 -2.450591916731621831e-03 2.944484639679155165e-04 nan nan nan nan nan nan nan nan 1.635688112490973234e+00 -4.422347854980628154e-04 7.753350988840528313e-01
1.578312133789062500e+03 1.579312133789062500e+03 1.578666553078066045e+03 5.865605472826289704e-03 2.574422732445966200e-01 2.523328127270327986e-02 6.132118603451619492e+03 6.010414361227867630e+02 -3.606089462174860922e-04 4.773470552498260719e-05 1.578934212348214487e+03 5.865605472826289704e-03 3.033535169987100488e-01 2.523328127270327986e-02 5.204931289308007763e+03 8.113863141007038848e+02 -2.731109267922507649e-04 4.773470552498260719e-05 5.361406817562735405e+00 -2.805062879813885468e-03 6.887217628302522154e-01
1.579616333007812500e+03 1.580616333007812500e+03 1.579371216344804907e+03 8.562553773438279225e-02 2.063059218728505506e+00 3.179079306443400310e-01 7.655481733181635491e+02 1.179674574735782357e+02 -1.155322501236761001e-01 6.123362317764772383e-02 nan nan nan nan nan nan nan nan 9.178484119872875624e+01 -5.862831552322745471e-02 8.093794862675223190e-01
1.580790771484375000e+03 1.581790771484375000e+03 1.580659394598955942e+03 2.994849388935265713e-02 9.332941098200687735e-01 7.262114105875765169e-02 1.693634812399805924e+03 1.317844985469723156e+02 -1.457309028170949289e-02 2.715295439272704531e-03 nan nan nan nan nan nan nan nan 3.751895353026205981e+01 -2.430449818891189731e-02 8.557580176311458953e-01
1.583366333007812500e+03 1.584366333007812500e+03 1.584447498086048199e+03 2.446889350640712654e-02 1.350510869120628898e+00 9.575821742642884327e-02 1.173220841323361356e+03 8.318743791412741473e+01 -4.054932648321832311e-02 8.725640582571336443e-03 nan nan nan nan nan nan nan nan -7.035802308011966488e+01 4.386051675882059880e-02 7.953949426678398327e-01
1.585978759765625000e+03 1.586978759765625000e+03 1.586935606946521602e+03 1.899897954296284747e-02 1.003544333542344846e+00 8.719285581409461083e-02 1.581330842998138905e+03 1.373937840993858686e+02 -1.024172322633947786e-02 2.577670914936378184e-03 nan nan nan nan nan nan nan nan -2.872305292461587101e+01 1.753209675194488185e-02 5.649915967617413770e-01
1.586871582031250000e+03 1.587871582031250000e+03 1.587922353728474945e+03 1.476649149822199629e-02 1.090953472207714769e+00 5.632138354895678545e-02 1.455536275543507827e+03 7.514327628321262864e+01 -2.822919587187259355e-02 3.963466873989559235e-03 nan nan nan nan nan nan nan nan -6.976307961533903779e+01 4.338814393531404551e-02 8.506607258727605370e-01
1.587663452148437500e+03 1.588663452148437500e+03 1.587626196996179942e+03 3.558995644266820663e-02 1.242555930020142529e+00 1.461338995429601606e-01 1.277710048006003035e+03 1.502682902887133878e+02 -1.776546949157605665e-02 6.306373845390702421e-03 nan nan nan nan nan nan nan nan 3.347588079490271440e+01 -2.164624649135826404e-02 5.528615408481788451e-01
1.588990722656250000e+03 1.589990722656250000e+03 1.589509559147001937e+03 1.193987247328814373e-02 3.695851123993614262e-01 5.923758486579421695e-02 4.300794338894880639e+03 6.893369385645128204e+02 -2.653175139251454898e-04 5.276851469404302149e-05 nan nan nan nan nan nan nan nan 3.080020686733774493e+00 -2.516008574137791262e-03 4.664465243347787338e-01
1.590239013671875000e+03 1.591239013671875000e+03 1.590159617744463048e+03 2.105203938199841363e-02 1.169094491654063317e+00 7.724795819156776711e-02 1.360163467620710890e+03 8.987284906357301395e+01 -3.148796769448498206e-02 5.737073061365594549e-03 nan nan nan nan nan nan nan nan 6.649333646350564209e+01 -4.235952513955969917e-02 8.167259210161949001e-01
1.591263671875000000e+03 1.592263671875000000e+03 1.591222221607181837e+03 1.439872516528000433e-02 9.054090512903992805e-01 5.030980932135070693e-02 1.757462242440976070e+03 9.765485705391932925e+01 -1.587513188278466894e-02 2.155396201247545065e-03 nan nan nan nan nan nan nan nan 4.407681808305642335e+01 -2.825669640784137654e-02 8.599702425173283427e-01
1.592208374023437500e+03 1.593208374023437500e+03 1.592670321862271294e+03 7.383850531700538594e-03 4.218593037242848731e-01 3.914458145652354587e-02 3.775359006668239545e+03 3.503178596369044726e+02 -5.897653937367125206e-04 7.292800311981548558e-05 nan nan nan nan nan nan nan nan 6.117039664926516629e+00 -3.263808664562215574e-03 5.745152089255902705e-01
1.593874145507812500e+03 1.594874145507812500e+03 1.594361659200321128e+03 5.032860206572935084e-03 7.628246994502067002e-01 3.796869976831880600e-02 2.090076082158103873e+03 1.040310722413589417e+02 -3.550776285554856516e-03 3.223929738479906510e-04 nan nan nan nan nan nan nan nan 4.262823874465319740e+00 -2.094832733984683393e-03 8.078287351845815367e-01
1.594786865234375000e+03 1.595786865234375000e+03 1.595316625298598638e+03 8.027874907938777060e-03 6.458859526053943867e-01 5.393019768210727261e-02 2.469966437361521912e+03 2.062373054246719732e+02 -1.497313570658933418e-03 2.092713842534906757e-04 nan nan nan nan nan nan nan nan 4.563489642062291907e+00 -2.284603022914557906e-03 6.441243162712119164e-01
1.595758544921875000e+03 1.596758544921875000e+03 1.596098789212802103e+03 8.751052541347581828e-03 2.181927273499261744e-01 3.868996077228161606e-02 7.315087026952377528e+03 1.297112115932316783e+03 -1.685027484092674549e-04 3.283696737671158163e-05 nan nan nan nan nan nan nan nan 2.280561405480440396e+00 -8.547235944873151107e-04 1.254447532607479987e-01
1.596497558593750000e+03 1.597497558593750000e+03 1.596933888685287457e+03 7.011861935436569659e-03 6.782240570393751611e-01 4.712629133351059485e-02 2.354581604870107640e+03 1.636077307336436775e+02 -2.085927227698037949e-03 2.542992068615535883e-04 nan nan nan nan nan nan nan nan -1.727552153881897423e+00 1.657860092558168094e-03 7.223558250111538070e-01
