StartWavelength[nm] EndWavelength[nm] w_r[nm] sigma(w_r)[nm] width[nm] sigma(width)[nm] Q_L[-] sigma(Q_L)[nm] Amplitude[-] sigma(Amp)[-] w_r1[nm] sigma1(w_r)[nm] width1[nm] sigma1(width)[nm] Q_L1[-] sigma1(Q_L)[nm] Amplitude1[-] sigma1(Amp)[-] b[-] c[-] R2
1.520037719726562500e+03 1.521037719726562500e+03 1.520538615615941808e+03 4.474496620126844088e-04 1.705543842201008575e-02 1.540325429864779130e-03 8.915271352120053780e+04 8.051636573684702853e+03 -3.687016605988783125e-04 2.908565629584002757e-05 1.520578595415690643e+03 4.474496620126844088e-04 4.795387554182146961e-02 1.540325429864779130e-03 3.170919093055504345e+04 7.556911041055041096e+03 -2.083658070564632864e-04 2.908565629584002757e-05 6.542144291109347698e+00 -4.228466738137487933e-03 5.940325647514917984e-01
1.521750488281250000e+03 1.522750488281250000e+03 1.522247643719673533e+03 1.046522890770450843e-04 5.048115649065867613e-03 1.869449877158046579e-04 3.015476961193151074e+05 1.116710358196394736e+04 -5.263121012249293972e-04 1.682355221455296242e-05 nan nan nan nan nan nan nan nan -1.928070420896754555e+01 1.274495901662099639e-02 6.318355692552092284e-01
1.522596313476562500e+03 1.523596313476562500e+03 1.523100686558472717e+03 3.399812315697206978e-03 1.080200678739555442e-01 8.805972725172021842e-03 1.410016413186964746e+04 1.149468457630693820e+03 -8.594793439365465762e-04 1.190142270234319368e-04 1.523014516488997060e+03 3.399812315697206978e-03 1.287195745908016054e-01 8.805972725172021842e-03 1.183203503686713339e+04 2.973364382058519368e+03 -3.049483749890352473e-04 1.190142270234319368e-04 2.290766025138483286e+01 -1.496355171782979415e-02 8.558147812853417191e-01
1.523462158203125000e+03 1.524462158203125000e+03 1.523962006689806685e+03 1.024700379389870076e-04 7.669832970448011572e-03 2.809522184006675084e-04 1.986955925326739962e+05 7.278381122988537754e+03 -2.179666211366256337e-04 5.086852109661424496e-06 nan nan nan nan nan nan nan nan 1.399968024344170736e+01 -9.116183774594235900e-03 8.593998601314386532e-01
1.524283081054687500e+03 1.525283081054687500e+03 1.524775846829514194e+03 1.632641019282610011e-03 2.053944904882845646e-01 6.313645124679743634e-03 7.423645313974405326e+03 2.281962966043366237e+02 -1.958424326789268664e-03 5.695397373571197758e-05 nan nan nan nan nan nan nan nan -1.826505110524982811e+01 1.205016094937358048e-02 8.772405281332972260e-01
1.525364624023437500e+03 1.526364624023437500e+03 1.525869536127368974e+03 3.436122113979313080e-04 6.207635108882872746e-03 8.530917668501806269e-04 2.458052880627458217e+05 3.378008916709404730e+04 -1.059555291113289672e-04 1.562048867498172557e-05 1.525863869508088783e+03 3.436122113979313080e-04 3.846996264530459265e-03 8.530917668501806269e-04 3.966377309946066234e+05 4.274257710803945520e+04 -1.442344521661896107e-04 1.562048867498172557e-05 -4.571131791311641379e+00 3.074929885531723587e-03 7.191433017708027675e-01
1.525897827148437500e+03 1.526897827148437500e+03 1.526392341519308047e+03 1.059745613123828142e-03 8.360233139554054671e-02 3.534100274144701386e-03 1.825777243337412074e+04 7.718062103493376753e+02 -5.800029533102226808e-04 2.052782581661762238e-05 1.526538248761899922e+03 1.059745613123828142e-03 9.148485743903238265e-02 3.534100274144701386e-03 1.668623957554090521e+04 1.030661102564620705e+03 -4.327894076004785897e-04 2.052782581661762238e-05 5.490762708436809802e+00 -3.517167454908286684e-03 8.408375761986749408e-01
1.527170166015625000e+03 1.528170166015625000e+03 1.527686823079006672e+03 4.718984406345801477e-04 4.717511211025845856e-03 1.363923048165726140e-03 3.238332151725408621e+05 9.362639878912873974e+04 -3.105817569294400522e-05 6.417945169371857468e-06 1.527669886571413372e+03 4.718984406345801477e-04 4.057721933890043667e-03 1.363923048165726140e-03 3.764846166052763001e+05 4.204960674159252085e+04 -2.298230518924400097e-04 6.417945169371857468e-06 1.617709133927814591e+01 -1.051519758726438686e-02 7.146216017840956169e-01
1.528997680664062500e+03 1.529997680664062500e+03 1.529512620251916132e+03 2.490813001314325743e-04 5.483629480173695357e-03 7.347021724174499467e-04 2.789234075318065588e+05 3.737043762580332259e+04 -9.100964927036573823e-05 8.789294775712191298e-06 1.529496001522130427e+03 2.490813001314325743e-04 8.059323836823032924e-03 7.347021724174499467e-04 1.897796927496406715e+05 1.245578131353213575e+04 -2.911416494311756895e-04 8.789294775712191298e-06 1.494505930001082916e+01 -9.692993175663203176e-03 7.354276379636015548e-01
1.530817260742187500e+03 1.531817260742187500e+03 1.531288894105101463e+03 1.966343516452369322e-03 4.164920826902410167e-02 5.455862150067360139e-03 3.676633861114646425e+04 4.816227812520961379e+03 -5.550837972327787601e-04 6.275655464238980312e-05 1.531320876225082429e+03 1.966343516452369322e-03 8.327349453499562071e-03 5.455862150067360139e-03 1.838905506219083909e+05 1.187060564451259961e+04 -7.413533162987461346e-04 6.275655464238980312e-05 -1.031048776559362956e+01 6.807508233375788621e-03 6.074165433320375396e-01
1.532687744140625000e+03 1.533687744140625000e+03 1.533176326557543234e+03 2.232669179591880327e-04 8.359663522860678181e-03 4.576256840417957240e-04 1.834016790705578460e+05 1.003979629202280194e+04 -9.461832379699350619e-04 4.473428085670542136e-05 nan nan nan nan nan nan nan nan -7.993414266327389051e+00 5.293480026002705778e-03 1.866946751906388702e-01
1.534533203125000000e+03 1.535533203125000000e+03 1.535029729091998661e+03 1.580239874044258295e-04 7.673936845646859954e-03 3.507511471730332038e-04 2.000315822201174451e+05 9.142804840063412485e+03 -5.842833620025686577e-04 1.792992915231645483e-05 1.534720516026255382e+03 1.580239874044258295e-04 3.160115879090120150e-01 3.507511471730332038e-04 4.856532401805915470e+03 2.608310121672175796e+02 -5.108092225813984540e-03 1.792992915231645483e-05 9.465285129396308506e+00 -6.086230736099347907e-03 8.834612519966246191e-01
1.536372680664062500e+03 1.537372680664062500e+03 1.536872183907496719e+03 2.333357851232970655e-04 4.582470798664119160e-03 6.048952170728951827e-04 3.353806824814956635e+05 4.427091402109423507e+04 -3.188695231693598297e-04 3.321475353850664836e-05 1.536863163294136257e+03 2.333357851232970655e-04 1.018432994148846943e-02 6.048952170728951827e-04 1.509046910423955997e+05 2.686862600825710615e+04 -1.854547759019566338e-04 3.321475353850664836e-05 -1.974134893100615074e+01 1.292267648513195297e-02 7.062110976917264082e-01
1.537591064453125000e+03 1.538591064453125000e+03 1.537630414381970695e+03 9.438520752924690199e-03 7.225473211740848223e-01 4.255798047339591494e-02 2.128068805076236913e+03 1.253430861761963371e+02 -3.066452285506517106e-02 4.490237134081605415e-03 nan nan nan nan nan nan nan nan 1.270929628620365008e+02 -8.267707402642743286e-02 6.946906569628155115e-01
1.538237182617187500e+03 1.539237182617187500e+03 1.538507095037586851e+03 4.003500993882759301e-04 9.520523820153916489e-03 1.157794034217074887e-03 1.615989964523521485e+05 1.965210712800917099e+04 -6.686981251163741163e-05 5.760844127841715754e-06 1.538736590260115690e+03 4.003500993882759301e-04 1.224398894460903935e-02 1.157794034217074887e-03 1.256728176757798356e+05 3.442034166073194683e+03 -5.162371253890448613e-04 5.760844127841715754e-06 -2.854592437447477238e+01 1.863097529096674129e-02 9.422646845996065501e-01
1.539292724609375000e+03 1.540292724609375000e+03 1.539791329938853096e+03 9.007131933705734943e-04 1.478558981075639434e-01 3.185819381231249584e-03 1.041413531449836046e+04 2.243911440839761156e+02 -1.532795327865154504e-03 2.865935803609847798e-05 nan nan nan nan nan nan nan nan 7.358312792766538379e+00 -4.693174530743822633e-03 9.082918570018362336e-01
1.540086669921875000e+03 1.541086669921875000e+03 1.540595275857370552e+03 7.591534624874075974e-05 2.418033551379742199e-03 2.019446765905518848e-04 6.371273363755845930e+05 5.321037576917532715e+04 -1.945331267741875721e-04 1.224306170327069673e-05 1.540584437965598909e+03 7.591534624874075974e-05 1.022717615490417557e-02 2.019446765905518848e-04 1.506363452268152905e+05 9.218636625796671069e+03 -6.111132600202546106e-04 1.224306170327069673e-05 8.127814299815470989e+00 -5.192935184968020153e-03 8.843745046221482831e-01
1.540982543945312500e+03 1.541982543945312500e+03 1.541460379755232907e+03 1.669389817042199161e-03 1.066851127941259997e-01 5.509590322396064679e-03 1.444869241250035520e+04 7.461807352475939297e+02 -1.147100773197094964e-03 4.792599470985638681e-05 nan nan nan nan nan nan nan nan 2.934758184151558780e+01 -1.896294810116296373e-02 7.773663680034502699e-01
1.541950195312500000e+03 1.542950195312500000e+03 1.542450136741000961e+03 1.285288648122341810e-04 7.471723487068140587e-03 5.193072507018426341e-04 2.064383323888567975e+05 1.434808488536210461e+04 -3.445630263361188742e-04 1.719604450344182462e-05 1.542433924597750547e+03 1.285288648122341810e-04 2.532362655365927653e-02 5.193072507018426341e-04 6.090888764803981030e+04 7.856313289208712376e+03 -1.735559116127241249e-04 1.719604450344182462e-05 -2.062407162398915261e+01 1.344726864808735295e-02 8.914797521627338961e-01
1.542751098632812500e+03 1.543751098632812500e+03 1.543079903880068059e+03 1.756418302618103361e-03 3.910229152678092179e-02 5.487718970701998752e-03 3.946264639818415890e+04 5.538292126235678552e+03 -2.511847773492870985e-04 2.758629359717142932e-05 nan nan nan nan nan nan nan nan 3.193140802218219498e+00 -2.147118359480989190e-03 1.678483440212225064e-01
1.543814697265625000e+03 1.544814697265625000e+03 1.544313790607849342e+03 1.278745256282539104e-04 5.001867804918713398e-03 2.636462931199991147e-04 3.087474221308306442e+05 1.627394336075868705e+04 -4.365634535202527118e-04 2.115943142982807613e-05 1.544297473843302669e+03 1.278745256282539104e-04 2.114504997714397247e-02 2.636462931199991147e-04 7.303352205421878898e+04 8.489514379225029188e+03 -2.531862427073238819e-04 2.115943142982807613e-05 -3.302658310144733544e+00 2.220824949093309734e-03 7.655282546041894953e-01
1.544463745117187500e+03 1.545463745117187500e+03 1.544987866209337199e+03 1.513150300005092165e-03 2.043087828953577822e-01 5.879515716603665385e-03 7.562023738356094327e+03 2.176168680301679785e+02 -1.657133703103351235e-03 4.558180251369401017e-05 nan nan nan nan nan nan nan nan 1.927666333320237868e+01 -1.239653481304724136e-02 9.060804193127034445e-01
1.545687133789062500e+03 1.546687133789062500e+03 1.546183148207607701e+03 3.556247463298828999e-04 1.272165014654692838e-02 1.067426748707547141e-03 1.215395118083240377e+05 1.019793222066898852e+04 -3.625873879827091551e-04 2.087816889087785126e-05 1.546141393263456166e+03 3.556247463298828999e-04 2.750738803900975790e-02 1.067426748707547141e-03 5.620822271714010276e+04 8.805330735959223603e+03 -2.386431114095809950e-04 2.087816889087785126e-05 -2.236872906352691537e+00 1.525350344522378261e-03 5.457284630249288337e-01
1.546195434570312500e+03 1.547195434570312500e+03 1.546705666626972061e+03 1.623629888440658413e-03 1.972505612995165136e-01 6.233300378184192074e-03 7.841324538886182381e+03 2.477931161192151990e+02 -1.527863411206631427e-03 4.561836700756170018e-05 nan nan nan nan nan nan nan nan 1.515880864969262198e+01 -9.720621342537569959e-03 8.686142648239425501e-01
1.547551635742187500e+03 1.548551635742187500e+03 1.548050558336268978e+03 3.532031758630221831e-04 9.534168450907520506e-03 1.163640246723833061e-03 1.623687022426078620e+05 1.981701474134984528e+04 -6.636426771505644483e-04 4.606421030061720313e-05 nan nan nan nan nan nan nan nan 8.984264119160718209e+00 -5.727147138727775068e-03 4.807742725630927971e-01
1.549424072265625000e+03 1.550424072265625000e+03 1.549922509999174508e+03 4.073500917615603808e-04 1.142963274154885044e-02 1.127259341817418584e-03 1.356056266239348624e+05 1.337424507610762339e+04 -8.785479930206733156e-04 5.296574924334788417e-05 nan nan nan nan nan nan nan nan -3.305942532379270826e+00 2.213879566783666635e-03 4.763865879869498832e-01
1.551298583984375000e+03 1.552298583984375000e+03 1.552005274927874552e+03 5.024344087476554678e-03 8.939930190152760303e-02 1.754255217697403557e-02 1.736037353666801573e+04 3.406573117938401992e+03 -7.478513916955685644e-04 1.250841754487677345e-04 1.551792474469992385e+03 5.024344087476554678e-03 1.323054289707933408e-02 1.754255217697403557e-02 1.172886469241223094e+05 6.777479203574471285e+03 -1.246824001478709408e-03 1.250841754487677345e-04 1.773367014390692020e+01 -1.134788133208026323e-02 4.791748294711977163e-01
1.553234008789062500e+03 1.554234008789062500e+03 1.553639399587699018e+03 1.017186209522162425e-03 3.683763192172331835e-02 3.050601574814721002e-03 4.217533317258406169e+04 3.492627812559524045e+03 -4.691208254588353534e-04 2.841002093134517578e-05 1.553758979316852901e+03 1.017186209522162425e-03 4.805079417700916511e-02 3.050601574814721002e-03 3.233576064514411337e+04 2.622552944226751606e+03 -5.487987974296581941e-04 2.841002093134517578e-05 4.072654575821366585e+00 -2.543551457157372086e-03 5.719265876602797061e-01
1.555107421875000000e+03 1.556107421875000000e+03 1.555608353248235289e+03 2.132610088543658794e-04 1.644088136934845554e-02 6.146459163254091402e-04 9.461830654337257147e+04 3.537325914614602425e+03 -6.266234393309287132e-04 1.413267870916012308e-05 1.555461738122831548e+03 2.132610088543658794e-04 5.762469103398994152e-02 6.146459163254091402e-04 2.699297315460384925e+04 1.509622210057706980e+03 -5.677785722022974909e-04 1.413267870916012308e-05 1.648261802184840263e+01 -1.052008902460857195e-02 8.588502489963156794e-01
1.557010864257812500e+03 1.558010864257812500e+03 1.557511978106547531e+03 1.728354600682951818e-04 1.398755583742613759e-02 5.576478254277645328e-04 1.113498309646888665e+05 4.439230972240709889e+03 -7.124014883435704276e-04 1.520928247694827517e-05 nan nan nan nan nan nan nan nan -1.964628325032824474e+00 1.339961576663815847e-03 8.512597696846946338e-01
1.558905273437500000e+03 1.559905273437500000e+03 1.559406913406633748e+03 2.100178429000651263e-04 1.301376192849482659e-02 6.390607849478260275e-04 1.198275273495029251e+05 5.884314935787007016e+03 -5.671259853977672107e-04 1.558148612005502270e-05 nan nan nan nan nan nan nan nan 7.886335045524623943e+00 -4.984942224058775025e-03 7.730108290163544282e-01
1.559364624023437500e+03 1.560364624023437500e+03 1.559739636531676751e+03 1.698153711144971198e-02 1.140085717750553252e-05 2.111417548477323436e+00 1.368089795571794212e+08 2.533676860685888672e+13 -1.876002760768576025e-05 3.473277174336432349e+00 nan nan nan nan nan nan nan nan -1.404248763085876739e+01 9.073628718630710743e-03 1.554969249772227835e-01
1.560795776367187500e+03 1.561795776367187500e+03 1.561309598809873023e+03 2.108125745516799959e-04 1.229415462952332047e-02 5.776156879584694532e-04 1.269960925219312485e+05 5.966651434027055075e+03 -5.244748862868476571e-04 1.798959070555221820e-05 1.561295996014863022e+03 2.108125745516799959e-04 5.145260875256216053e-03 5.776156879584694532e-04 3.034435053668908076e+05 3.325825251624049270e+04 -3.053427898334928306e-04 1.798959070555221820e-05 -1.701203589923356319e+01 1.097453787557324187e-02 9.221665484497156839e-01
1.562715209960937500e+03 1.563715209960937500e+03 1.563198442453014422e+03 2.244482544905183972e-04 5.731922144316054304e-03 7.602195265463016979e-04 2.727180172890395625e+05 3.617033811072111712e+04 -2.181074620042489488e-04 1.947784750503720502e-05 1.563217008822002754e+03 2.244482544905183972e-04 1.834171831675483408e-02 7.602195265463016979e-04 8.522740246174382628e+04 4.900905692288953105e+03 -8.034042250649316109e-04 1.947784750503720502e-05 -4.936717217340833019e-01 3.947491412429079516e-04 8.224566317601345045e-01
1.564631591796875000e+03 1.565631591796875000e+03 1.565129000627640835e+03 1.136634394492380115e-04 7.874338314375457781e-03 1.902074549708989717e-04 1.987632405595690943e+05 4.801197080871627804e+03 -7.347433364102366315e-04 1.475226707344932946e-05 nan nan nan nan nan nan nan nan -1.449681785352600949e+00 1.001507300372597243e-03 7.411621047196810252e-01
1.566546997070312500e+03 1.567546997070312500e+03 1.567046292067230070e+03 1.743946142762993934e-04 4.231426531009937347e-03 4.849620194434116935e-04 3.703352239683610387e+05 4.244396464658538025e+04 -2.296332386022231591e-04 2.268299670300825765e-05 1.567037980927437729e+03 1.743946142762993934e-04 1.266823947058602282e-02 4.849620194434116935e-04 1.236981653659052390e+05 5.202401983626019501e+03 -4.495487471361448079e-04 2.268299670300825765e-05 -1.042735481840684031e+01 6.727680009874245290e-03 9.302434211123588037e-01
1.568457397460937500e+03 1.569457397460937500e+03 1.568957500869464639e+03 1.737141240452665960e-04 1.090117493313164272e-02 4.786294479881112894e-04 1.439255410993336991e+05 6.319227304445594200e+03 -5.712188146351057563e-04 1.729842080666833243e-05 1.568968723926445591e+03 1.737141240452665960e-04 5.633690266043701184e-03 4.786294479881112894e-04 2.784975122582067270e+05 2.461209009788000913e+04 -1.585620032770050278e-04 1.729842080666833243e-05 -4.161831868599281670e+00 2.732402605852207473e-03 9.278377388755495447e-01
1.570385742187500000e+03 1.571385742187500000e+03 1.570885951183127418e+03 1.425668025253089873e-04 1.202781574258594832e-02 3.986603592654154940e-04 1.306044243445810425e+05 4.328866341600974010e+03 -3.764986050532322472e-04 7.874890899872786032e-06 nan nan nan nan nan nan nan nan -2.021121081666318986e+00 1.359310929805279504e-03 8.310710860089509655e-01
1.572311157226562500e+03 1.573311157226562500e+03 1.572826856750363504e+03 2.193547017589369749e-03 2.122851619562062669e-02 3.616854181689699386e-03 7.409028696385442163e+04 1.262329226251181171e+04 -1.938830625161039746e-04 7.037947484544529735e-05 1.572812226621758782e+03 2.193547017589369749e-03 1.810208346657667111e-02 3.616854181689699386e-03 8.688570183237570745e+04 4.619693953886576310e+03 -8.445569338308122611e-04 7.037947484544529735e-05 -4.061892243853838735e+00 2.659736253049987433e-03 9.281255109649526602e-01
1.573480590820312500e+03 1.574480590820312500e+03 1.574045091588747027e+03 3.896375184513452359e-03 7.974188801825389528e-02 1.219854979530650071e-02 1.973925035770947579e+04 3.019620357959742250e+03 -3.075841157809048980e-04 4.467038599686783492e-05 1.573979914819158694e+03 3.896375184513452359e-03 3.174696134560548583e-02 1.219854979530650071e-02 4.957891552783315274e+04 7.804650208537413164e+03 -1.731019191027419342e-04 4.467038599686783492e-05 4.655311530141958976e+00 -2.881119178939297535e-03 4.880316810330048716e-01
1.574258544921875000e+03 1.575258544921875000e+03 1.574773099734530660e+03 1.553601106360635734e-04 2.953326932996538576e-03 3.679048102554994203e-04 5.332200381001220085e+05 6.642482237571732549e+04 -2.171941545428068636e-04 2.078870924970637772e-05 1.574755913351032177e+03 1.553601106360635734e-04 1.613963735915257755e-02 3.679048102554994203e-04 9.757071229720093834e+04 7.823974580472069647e+03 -8.636082094059503462e-04 2.078870924970637772e-05 -1.271064559056676302e+01 8.147002989346318821e-03 7.777430887000942317e-01
1.576210937500000000e+03 1.577210937500000000e+03 1.576687353617941426e+03 9.559206024054000541e-04 2.293114315846798978e-02 2.357817472519021639e-03 6.875746851005568169e+04 7.069754852676733208e+03 -3.362053233278023681e-04 3.269205277317495427e-05 1.576704656204381763e+03 9.559206024054000541e-04 6.055125791465790219e-03 2.357817472519021639e-03 2.603917260359180800e+05 1.380951117655045891e+04 -5.208943351672850296e-04 3.269205277317495427e-05 -2.169578720270507188e-01 2.130352688119571322e-04 7.673106228343735680e-01
1.578140380859375000e+03 1.579140380859375000e+03 1.578640536747053375e+03 2.601067864969888667e-04 1.283348625867311923e-02 9.468233430635489885e-04 1.230094851023179654e+05 9.075340056929693674e+03 -2.776184145953816099e-04 1.845999254595914266e-05 1.578607794930383989e+03 2.601067864969888667e-04 4.741638937675791282e-02 9.468233430635489885e-04 3.329245047291960509e+04 4.226691171581212984e+03 -2.636628078341551580e-04 1.845999254595914266e-05 -1.426770372003402976e+01 9.109770789349481285e-03 7.890077279607414784e-01
1.580087646484375000e+03 1.581087646484375000e+03 1.580560560204299009e+03 2.203773900863500567e-03 3.723420247450257015e-02 6.098929870439571445e-03 4.244915843938495527e+04 6.953135106563745467e+03 -2.036959556921395147e-04 3.240393702245853423e-05 1.580590347474040527e+03 2.203773900863500567e-03 1.516939931285108713e-02 6.098929870439571445e-03 1.041959747301931056e+05 8.124755420564177257e+03 -3.070196807972511567e-04 3.240393702245853423e-05 -3.383717829590533466e+00 2.216698020094139479e-03 7.016227931296379339e-01
1.581215209960937500e+03 1.582215209960937500e+03 1.581761264209982983e+03 2.793445702483180002e-03 4.452971801380084527e-02 8.462008608422274397e-03 3.552147497812037909e+04 6.750166865384896482e+03 -1.143536685053635817e-04 1.640383228208973845e-05 nan nan nan nan nan nan nan nan 3.305421378987600356e+00 -2.015176193734333730e-03 1.469060739729608489e-01
1.582052001953125000e+03 1.583052001953125000e+03 1.582548816667761685e+03 1.197938424797638859e-04 9.497517620908895938e-03 2.365426445271670021e-04 1.666276262740236416e+05 4.149983284427131366e+03 -7.573382046830745042e-04 1.354837624881204708e-05 nan nan nan nan nan nan nan nan -7.723462002032971618e+00 4.955371208475048070e-03 8.836553735331739157e-01
1.584002441406250000e+03 1.585002441406250000e+03 1.584501220400996544e+03 4.154137232976282275e-04 1.460445993817907281e-02 1.450836199047689625e-03 1.084943385177005548e+05 1.077804413035955258e+04 -2.050768658200490923e-04 1.791579062169934198e-05 1.584459878168163641e+03 4.154137232976282275e-04 5.269785348561606408e-02 1.450836199047689625e-03 3.006687698580823053e+04 4.838372057031057921e+03 -2.304860417738463605e-04 1.791579062169934198e-05 9.963590010429129507e+00 -6.217977042195181776e-03 6.137048248441927534e-01
1.585975708007812500e+03 1.586975708007812500e+03 1.586473175838474617e+03 3.886783148111235073e-04 1.864146061585489692e-02 1.109280801859510246e-03 8.510455315336989588e+04 5.064240882732792670e+03 -2.075750557211565475e-04 8.722874276741054113e-06 nan nan nan nan nan nan nan nan -2.078458612558829799e+01 1.317723115281533956e-02 8.062508179848146828e-01
1.587929077148437500e+03 1.588929077148437500e+03 1.588424871986515882e+03 1.214995625526146036e-03 2.564305142763316503e-02 3.528931898389286049e-03 6.194367610536458960e+04 8.524532079654612971e+03 -2.017615892877719082e-04 2.403581890366044427e-05 1.588446500977183860e+03 1.214995625526146036e-03 8.746778581210023010e-03 3.528931898389286049e-03 1.816036025411128358e+05 3.453953106619024038e+04 -8.804061509348934356e-05 2.403581890366044427e-05 1.650360751035219664e+01 -1.031894453987462594e-02 6.203126933546527777e-01
1.589914428710937500e+03 1.590914428710937500e+03 1.590412733169717512e+03 2.797980290340801464e-04 1.913140377906026937e-02 7.880048196968945885e-04 8.313100029337409069e+04 3.424088982414337352e+03 -3.547531729415844708e-04 1.001860793818931852e-05 nan nan nan nan nan nan nan nan -1.272238464898477517e+01 8.071304654764556441e-03 7.840875536608127305e-01
1.591887817382812500e+03 1.592887817382812500e+03 1.592389149793101979e+03 1.085935143641277966e-04 7.183986992965263677e-03 4.613041252249998033e-04 2.216581337567020382e+05 1.423329574396871431e+04 -4.269130998953534471e-04 1.363765523836979969e-05 nan nan nan nan nan nan nan nan 5.145984008142850286e+00 -3.159819449304900486e-03 8.356383969001949241e-01
1.593880126953125000e+03 1.594880126953125000e+03 1.594381369645847371e+03 1.085821703026326713e-04 1.009763154838282974e-02 1.841739570561173401e-04 1.578965683196464961e+05 2.879926411839706361e+03 -1.025835875656187649e-03 1.593360872011558832e-05 nan nan nan nan nan nan nan nan -1.257703528723097319e+00 8.666651884128016067e-04 8.030243995969502668e-01
1.595864379882812500e+03 1.596864379882812500e+03 1.596367958414701661e+03 2.124832080079256541e-04 1.336831094487120515e-02 5.728472574260380862e-04 1.194143347650926153e+05 5.117039426294340046e+03 -8.985267700154725770e-04 2.382585840609596726e-05 nan nan nan nan nan nan nan nan 4.943913205357868712e+00 -3.028765990521133100e-03 8.499173737183525201e-01
1.597853759765625000e+03 1.598853759765625000e+03 1.598357146945925251e+03 2.123235483521109174e-04 1.681521099847822776e-02 5.931991683708838416e-04 9.505424267888022587e+04 3.353279225145531200e+03 -4.679831487575959173e-04 1.090313835348701298e-05 nan nan nan nan nan nan nan nan -8.243333486219883710e+00 5.235883721591665964e-03 8.082611707901554698e-01
1.599847045898437500e+03 1.600847045898437500e+03 1.600344823657525012e+03 6.671014057764385139e-04 3.002621090966075060e-02 1.938012694022397953e-03 5.329826092517800134e+04 3.440084616578554687e+03 -3.131004714678816293e-04 1.453403131484096224e-05 nan nan nan nan nan nan nan nan 6.516564024376740427e+00 -3.999645602057490257e-03 5.416157498600335796e-01
1.601856323242187500e+03 1.602856323242187500e+03 1.602076915217120131e+03 5.543727407900565785e-03 2.366827009134630233e-01 3.257113243064658353e-02 6.768880484437595442e+03 9.315007048873586655e+02 -1.424632536833240950e-03 2.748271384604787627e-04 nan nan nan nan nan nan nan nan 1.466467539139958376e+01 -9.225696178791844421e-03 2.107736995565411275e-01
1.603864624023437500e+03 1.604864624023437500e+03 1.604469479557233399e+03 9.845021890455633515e-03 1.454596824201964678e-01 3.699040541431757034e-02 1.103033811748828339e+04 2.805015604000904659e+03 -2.885596440830259812e-04 6.921998313275165690e-05 1.604366615488960861e+03 9.845021890455633515e-03 2.227306262284544161e-02 3.699040541431757034e-02 7.203170226995926350e+04 5.313602270360383955e+03 -3.406539184507571859e-04 6.921998313275165690e-05 -1.432368339840735416e+01 9.000079083175380884e-03 6.488081115098420781e-01
1.605885864257812500e+03 1.606885864257812500e+03 1.606394968252712033e+03 1.245445385895840428e-03 2.109272279142558604e-02 2.633375063070494872e-03 7.615872944130895485e+04 9.508231864274552208e+03 -4.528544654030694744e-04 6.816546310568339479e-05 1.606380074011688521e+03 1.245445385895840428e-03 1.059144074370462624e-02 2.633375063070494872e-03 1.516677582288786944e+05 3.435527163654982724e+04 -2.030707584053459489e-04 6.816546310568339479e-05 1.073262333097373844e+00 -5.868050115906502367e-04 5.806561786208048748e-01
1.607937133789062500e+03 1.608937133789062500e+03 1.608370765876366704e+03 2.121071793082764318e-04 1.359529221459297200e-02 3.868721739992292147e-04 1.183035083387149934e+05 3.366484128535250875e+03 -1.045183043924771899e-03 2.380926269841868420e-05 1.608441809666271183e+03 2.121071793082764318e-04 4.364146105873033948e-02 3.868721739992292147e-04 3.685581945805426949e+04 1.113656698527431672e+03 -1.699185762753332692e-03 2.380926269841868420e-05 1.316965394786644650e+00 -7.484922033869478158e-04 9.298585349936446809e-01
1.609918457031250000e+03 1.610918457031250000e+03 1.610411985181243836e+03 3.335848422510823510e-04 1.528589838166488808e-02 9.172790781546586456e-04 1.053527862721434067e+05 6.322029903667774306e+03 -1.121611748700850888e-03 4.129721376836361420e-05 nan nan nan nan nan nan nan nan 3.085600252802459753e+00 -1.842121221253754633e-03 7.518947744063589900e-01
1.611940673828125000e+03 1.612940673828125000e+03 1.612440938025918058e+03 6.576647673621430906e-04 1.226994918296924787e-02 1.235733660404071850e-03 1.314138236419099558e+05 1.323497619235830825e+04 -7.267462356979689656e-04 8.585647007767451195e-05 1.612450837476726520e+03 6.576647673621430906e-04 8.648562740538543944e-03 1.235733660404071850e-03 1.864414800298158661e+05 8.225886147202861321e+04 -9.171064935288817950e-05 8.585647007767451195e-05 1.459087128171352582e-02 6.251382735631451088e-05 8.037934908697762504e-01
1.613982910156250000e+03 1.614982910156250000e+03 1.614483579812200560e+03 2.396044467299798635e-04 6.374818657115154802e-03 7.994273214338529655e-04 2.532595304511477880e+05 3.175974077793141623e+04 -3.593251107717347951e-04 2.842812132040463952e-05 1.614465672790736562e+03 2.396044467299798635e-04 1.937507308095194614e-02 7.994273214338529655e-04 8.332694622855140187e+04 4.261003561827443264e+03 -9.188270427939931656e-04 2.842812132040463952e-05 7.413673514300300305e+00 -4.519265636449490073e-03 9.033643270927106395e-01
1.614522216796875000e+03 1.615522216796875000e+03 1.615037414241277475e+03 2.013665526654392392e-03 6.129667150740446963e-02 6.221911811633551274e-03 2.634788112509804705e+04 2.674438738102259322e+03 -3.351317303035199831e-04 2.608701982036058930e-05 nan nan nan nan nan nan nan nan 1.766650267038992084e+01 -1.086891474758971445e-02 5.731906846683072487e-01
1.616007202148437500e+03 1.617007202148437500e+03 1.616507073364710777e+03 2.618722508730867522e-04 8.225711688690871826e-03 1.280081411894942386e-03 1.965188101094239973e+05 3.058216546232461405e+04 -4.329372193436303276e-04 3.589832856958112350e-05 1.616524003196111607e+03 2.618722508730867522e-04 2.713842347906193775e-02 1.280081411894942386e-03 5.956587730467489018e+04 5.434691037230204529e+03 -4.186859122837259051e-04 3.589832856958112350e-05 -1.672216939257199542e+01 1.041176730212045945e-02 8.469638300659407815e-01
1.618049438476562500e+03 1.619049438476562500e+03 1.618555307333541577e+03 1.973291062361518140e-04 1.714678699709517098e-02 3.726815109975475308e-04 9.439408721924056590e+04 2.051633991873459763e+03 -1.424638917452648781e-03 2.302375286989440383e-05 nan nan nan nan nan nan nan nan 4.436441933622898404e+00 -2.666403256258460114e-03 8.988287761127726760e-01
