StartWavelength[nm] EndWavelength[nm] w_r[nm] sigma(w_r)[nm] width[nm] sigma(width)[nm] Q_L[-] sigma(Q_L)[nm] Amplitude[-] sigma(Amp)[-] w_r1[nm] sigma1(w_r)[nm] width1[nm] sigma1(width)[nm] Q_L1[-] sigma1(Q_L)[nm] Amplitude1[-] sigma1(Amp)[-] b[-] c[-] R2
1.520029785156250000e+03 1.521029785156250000e+03 1.520533257785297337e+03 1.578123277537896434e-04 6.759388589406668292e-03 2.947241402947291277e-04 2.249513010937529325e+05 9.808369195866062000e+03 -5.554484475690920839e-04 2.141812325821832640e-05 1.520517830883462693e+03 1.578123277537896434e-04 7.008240666369932974e-03 2.947241402947291277e-04 2.169614177463810192e+05 4.339827964457388589e+04 -9.057596830283303597e-05 2.141812325821832640e-05 3.254318929989892695e+00 -2.073091548069026357e-03 5.988647339345490872e-01
1.521249145507812500e+03 1.522249145507812500e+03 1.521756203423997249e+03 3.329541193647996174e-03 1.153453676077870055e-01 1.119498879155194498e-02 1.319304134170762336e+04 1.280467114090297855e+03 -8.172215274188131869e-04 6.569320095413543515e-05 nan nan nan nan nan nan nan nan -4.352779781145310167e+00 2.928377905152927240e-03 3.221586440397520290e-01
1.521746459960937500e+03 1.522746459960937500e+03 1.522243537542785816e+03 8.837816364786834115e-05 5.209390690447544998e-03 1.572837716280663524e-04 2.922114366146740504e+05 8.822551349042332731e+03 -4.812452533651150120e-04 1.251528898561659299e-05 1.522078342139135202e+03 8.837816364786834115e-05 3.407893669070807385e-03 1.572837716280663524e-04 4.466331669773439644e+05 4.075436022683343617e+05 -8.452050220658430249e-06 1.251528898561659299e-05 -1.947465253920759309e+01 1.286314892557240477e-02 7.445101548847439243e-01
1.522630249023437500e+03 1.523630249023437500e+03 1.523105486223161279e+03 1.573824837413077609e-03 1.612191391899470416e-01 5.700056503312424076e-03 9.447423512345212657e+03 3.340226732673558558e+02 -1.281593811018723024e-03 4.032049301439085477e-05 nan nan nan nan nan nan nan nan 1.525108208306346746e+01 -9.943356029003565591e-03 8.303849823156730370e-01
1.523468139648437500e+03 1.524468139648437500e+03 1.523969057862846967e+03 1.214147590272979233e-04 9.479532163784725948e-03 3.349182442436040956e-04 1.607641634135664499e+05 5.679905971900151599e+03 -2.182532831211073002e-04 5.015007775550336987e-06 nan nan nan nan nan nan nan nan 9.973857316682273932e+00 -6.479561695045818644e-03 8.409706756515272774e-01
1.524327026367187500e+03 1.525327026367187500e+03 1.524800726696363427e+03 1.622460276679017202e-03 1.892337357273990162e-01 6.197709249794655477e-03 8.057763700722569411e+03 2.639047231986380098e+02 -1.699956446957895688e-03 5.112351147975219322e-05 1.524647774921355222e+03 1.622460276679017202e-03 4.936187978898136028e-03 6.197709249794655477e-03 3.088714978925274918e+05 3.491486706205278751e+05 -5.454072620108511911e-06 5.112351147975219322e-05 -6.253582667516865534e+00 4.165996472625489895e-03 8.288178183560711565e-01
1.525362548828125000e+03 1.526362548828125000e+03 1.525868415033136444e+03 3.856461789489410742e-04 7.420763792829772679e-03 9.465187476707835005e-04 2.056214774694067310e+05 2.622702848148797420e+04 -9.743367195809197968e-05 1.311525157307015975e-05 1.525862203609747439e+03 3.856461789489410742e-04 3.836524295804733149e-03 9.465187476707835005e-04 3.977199376212184434e+05 3.973130665506204241e+04 -1.199280903672966613e-04 1.311525157307015975e-05 -1.038822726810669117e+01 6.879012069099431359e-03 7.807923045845814869e-01
1.525896850585937500e+03 1.526896850585937500e+03 1.526398772268215680e+03 1.010610652361111205e-03 6.877165349554648088e-02 3.380530578501654212e-03 2.219517336989814066e+04 1.091023095493133724e+03 -4.448655896503852852e-04 1.892164745291639478e-05 1.526542391601442660e+03 1.010610652361111205e-03 1.217871067355821429e-01 3.380530578501654212e-03 1.253451561925838723e+04 8.102302737669328963e+02 -5.213913306947300184e-04 1.892164745291639478e-05 7.932928569614899894e-01 -4.470578914849045052e-04 8.060567150978372730e-01
1.527166137695312500e+03 1.528166137695312500e+03 1.527665797661646593e+03 1.174306635050903399e-04 3.947226646678351353e-03 4.041186589729593931e-04 3.870225691112010390e+05 3.962352700297754200e+04 -1.822033994050064405e-04 9.558417698289145149e-06 1.527683752989520599e+03 1.174306635050903399e-04 5.714217786628842527e-03 4.041186589729593931e-04 2.673478348277643090e+05 5.645646326248727564e+04 -4.862367024795691956e-05 9.558417698289145149e-06 1.986218511297371236e+01 -1.293311977005683934e-02 7.208400132787229353e-01
1.527561645507812500e+03 1.528561645507812500e+03 1.528113185003154513e+03 4.102179373712480301e-03 1.708009650912257760e-01 1.522654800636140220e-02 8.946747954187381765e+03 7.975838263809177988e+02 -1.091346720557832351e-03 8.913365667023724528e-05 nan nan nan nan nan nan nan nan -2.184463813896578177e+00 1.498396733356131393e-03 3.522294496129690922e-01
1.528998657226562500e+03 1.529998657226562500e+03 1.529515147965945062e+03 2.531586253954010114e-04 8.005123795767347256e-03 7.533848290679965014e-04 1.910670199472324748e+05 1.798185734989017510e+04 -1.579470887719769357e-04 1.049129413552949410e-05 1.529498426007816306e+03 2.531586253954010114e-04 6.782120555601272444e-03 7.533848290679965014e-04 2.255192035394625564e+05 1.737321916275281910e+04 -2.100645972924518941e-04 1.049129413552949410e-05 1.103332814711131071e+01 -7.143798431460793123e-03 7.201548346368993325e-01
1.529232421875000000e+03 1.530232421875000000e+03 1.529498414701134379e+03 1.984878972366347196e-04 6.840969381101515492e-03 5.940291751337461968e-04 2.235791931661676790e+05 1.941429003623610333e+04 -2.114679834404078714e-04 1.198075510291099039e-05 1.529515185420646731e+03 1.984878972366347196e-04 8.253247021712720177e-03 5.940291751337461968e-04 1.853228409857094812e+05 1.946661881569421530e+04 -1.624617575079948092e-04 1.198075510291099039e-05 3.612323215947720101e+00 -2.291734995546424510e-03 6.263330855675011133e-01
1.530827148437500000e+03 1.531827148437500000e+03 1.531325863322478426e+03 1.704905440169598736e-04 8.799558139676779550e-03 4.303583717775744263e-04 1.740230405908456596e+05 8.510912844926557227e+03 -7.218169418504744722e-04 3.636625860932699743e-05 1.531300942303145803e+03 1.704905440169598736e-04 3.684035489604906011e-02 4.303583717775744263e-04 4.156585751206674468e+04 5.099736981012189972e+03 -3.683441409930349512e-04 3.636625860932699743e-05 2.573561271663661554e+00 -1.613028743323563366e-03 7.162647496064993291e-01
1.532685668945312500e+03 1.533685668945312500e+03 1.533181387715713981e+03 1.279254126946360935e-04 6.897779709784055031e-03 2.673389432471594642e-04 2.222717239782237739e+05 8.614639826481301498e+03 -6.529869471412535955e-04 2.243604400889801371e-05 1.533079281036897100e+03 1.279254126946360935e-04 1.413176000765139217e-01 2.673389432471594642e-04 1.084846671756977412e+04 4.575751018731824615e+02 -2.319595896470848760e-03 2.243604400889801371e-05 4.009493645181978927e+00 -2.539114137360344754e-03 8.106396931334199918e-01
1.534223632812500000e+03 1.535223632812500000e+03 1.535023193359374773e+03 1.920406655199407902e-04 1.157898998115700767e-02 3.504737239858150550e-04 1.325696969992533559e+05 4.012629380542367926e+03 -1.038508422289579009e-03 2.778253436782750991e-05 1.534755704057396315e+03 1.920406655199407902e-04 2.805493702597958716e-01 3.504737239858150550e-04 5.470536977631329137e+03 2.306517090654151900e+02 -4.048133497417384825e-03 2.778253436782750991e-05 4.880813120279671402e+00 -3.107037156519516091e-03 8.047113797091016707e-01
1.534534179687500000e+03 1.535534179687500000e+03 1.535030617942846447e+03 3.566299476880025799e-04 8.093970754097705098e-03 7.163467102078482354e-04 1.896511198988101096e+05 1.678483403939105847e+04 -5.436204993012462659e-04 3.419684418233640981e-05 nan nan nan nan nan nan nan nan -2.444776514366714792e+01 1.599172619039286591e-02 5.319274847834750686e-01
1.534970581054687500e+03 1.535970581054687500e+03 1.535473897896039261e+03 2.679367087486528645e-03 1.037065096994643255e-02 7.601814817815643471e-03 1.480595482719220745e+05 1.085294714128818596e+05 -3.886113716992899961e-05 2.030156526610109904e-05 nan nan nan nan nan nan nan nan -1.460324835188045256e+01 9.578890141757690282e-03 1.286443555103150560e-01
1.535943359375000000e+03 1.536943359375000000e+03 1.536415472303679735e+03 4.526095371293294665e-03 1.554425207794259967e-01 1.623140450863164164e-02 9.884138938301597591e+03 1.032107923793841792e+03 -1.319874652729569791e-03 1.213159709340765600e-04 nan nan nan nan nan nan nan nan 1.341945133511425681e+01 -8.665076076268745514e-03 3.341721438814171385e-01
1.536372680664062500e+03 1.537372680664062500e+03 1.536870364103018801e+03 2.159934001195736128e-04 7.628405655922965677e-03 4.354909995234408681e-04 2.014667852527923533e+05 1.150135108673156719e+04 -5.332355867386885185e-04 2.158792951890839217e-05 nan nan nan nan nan nan nan nan -2.513907646141795738e+01 1.642547466701353362e-02 7.279655359719334751e-01
1.537590087890625000e+03 1.538590087890625000e+03 1.538121034480590652e+03 1.466271784007671828e-03 2.222100995200053941e-01 5.817452767617763490e-03 6.921922260973177799e+03 1.812156869917773747e+02 -2.525679730230850906e-03 6.380010691685119206e-05 nan nan nan nan nan nan nan nan 1.253955762907567895e+01 -8.082159946191946193e-03 8.919173402121580718e-01
1.538237182617187500e+03 1.539237182617187500e+03 1.538736455405732613e+03 1.659264561257946832e-04 1.200129051010515209e-02 4.921453452165350847e-04 1.282142494684307603e+05 5.257771738248264228e+03 -4.713796113941590019e-04 1.107631717096450749e-05 nan nan nan nan nan nan nan nan -2.680481565500999608e+01 1.748998922993356964e-02 8.861813210685325348e-01
1.539296752929687500e+03 1.540296752929687500e+03 1.539807864304071700e+03 1.203769466635140834e-03 1.508640214233645527e-01 4.281044680108193196e-03 1.020659432100753475e+04 2.896309267398746670e+02 -1.371075351233192298e-03 3.393266063343146355e-05 nan nan nan nan nan nan nan nan 6.018348600802348791e+00 -3.832563932575172236e-03 8.519005958322383165e-01
1.540087646484375000e+03 1.541087646484375000e+03 1.540586961821688419e+03 1.901793076488680608e-04 1.038294129560001985e-02 7.397502286535769314e-04 1.483767381478447933e+05 1.057135187872232200e+04 -6.170143513745379032e-04 2.108108087732332565e-05 1.540598713296384176e+03 1.901793076488680608e-04 2.277213552555941694e-03 7.397502286535769314e-04 6.765279925403649686e+05 6.648498730780236656e+04 -1.402005940897506667e-04 2.108108087732332565e-05 2.976011424947050621e+00 -1.857427990592942779e-03 8.713915464341397410e-01
1.540996459960937500e+03 1.541996459960937500e+03 1.541473755628505842e+03 1.551220233225504520e-03 7.950583629279067699e-02 4.887052054608550557e-03 1.938818365423924843e+04 1.191749778297313242e+03 -8.124844364439004788e-04 3.860266568941283464e-05 nan nan nan nan nan nan nan nan 3.397669764107413926e+01 -2.197428967470641328e-02 7.843128129878795818e-01
1.541953247070312500e+03 1.542953247070312500e+03 1.542434115927276707e+03 1.124970035101649762e-03 2.582763842840603286e-02 3.016829904483116827e-03 5.972029228312489431e+04 6.975704115075563095e+03 -1.890866117001316945e-04 1.939543020618100536e-05 1.542452816602830126e+03 1.124970035101649762e-03 4.958320843517670211e-03 3.016829904483116827e-03 3.110837046012012870e+05 1.479775704783661422e+04 -3.484966165510940388e-04 1.939543020618100536e-05 -2.057248213664711045e+01 1.340439143370011563e-02 8.538921246280267718e-01
1.542769042968750000e+03 1.543769042968750000e+03 1.543283553627344872e+03 2.168763612762820720e-03 1.813818575237988728e-01 8.119366481760906598e-03 8.508478051201194830e+03 3.808729962129724527e+02 -1.303555225122296100e-03 5.379103701634852365e-05 nan nan nan nan nan nan nan nan -2.103200072104084661e+00 1.434808663756047395e-03 6.858562314973267737e-01
1.543815673828125000e+03 1.544815673828125000e+03 1.544299599416534647e+03 8.771688540288240070e-04 2.078951336027837216e-02 2.281991091776307615e-03 7.428262377546371135e+04 8.153739955045243732e+03 -2.506793253654594181e-04 2.462596145756183573e-05 1.544315591781363310e+03 8.771688540288240070e-04 4.944224642326078278e-03 2.281991091776307615e-03 3.123473756756365183e+05 1.905991136952696252e+04 -3.693290567463566919e-04 2.462596145756183573e-05 -7.941109734875540838e+00 5.216540639331595890e-03 7.739199939641765447e-01
1.545683105468750000e+03 1.546683105468750000e+03 1.546143402118920676e+03 1.557968898141996175e-03 3.535270523552213467e-02 4.860030163185933075e-03 4.373479743115577003e+04 6.012338611314599802e+03 -3.079819911345870321e-04 3.139618768646250434e-05 1.546182417446865657e+03 1.557968898141996175e-03 4.902660459023235745e-03 4.860030163185933075e-03 3.153761983661650447e+05 1.636621446348768950e+04 -4.328409000113213117e-04 3.139618768646250434e-05 -7.587497959169938078e+00 4.976585168918303340e-03 4.975477379169357395e-01
1.547556640625000000e+03 1.548556640625000000e+03 1.548032017986153960e+03 2.429864756553966072e-03 2.344901391961483686e-02 7.040705727067730207e-03 6.601693458381388336e+04 1.982197677938433480e+04 -1.933468353975505085e-04 5.024936943978612890e-05 1.548054645788727157e+03 2.429864756553966072e-03 7.861533396870240206e-03 7.040705727067730207e-03 1.969151013725927914e+05 2.923338187422242845e+04 -5.004356326190636086e-04 5.024936943978612890e-05 6.798977842437857966e+00 -4.322686758539621803e-03 4.711063861191411295e-01
1.547989013671875000e+03 1.548989013671875000e+03 1.548545002355440829e+03 1.036871133893424619e-02 2.048123956877551943e-01 4.077048752931561326e-02 7.560797270865678001e+03 1.505071946367188502e+03 -1.155500490829428810e-03 2.229219025610527807e-04 nan nan nan nan nan nan nan nan 1.037430252553730803e+01 -6.631122686492764255e-03 1.552657112175275245e-01
1.549426147460937500e+03 1.550426147460937500e+03 1.549924093704378947e+03 4.319552313513446914e-04 1.080572310187251014e-02 1.024712954940070917e-03 1.434354812808218703e+05 1.360206942945696392e+04 -7.604544254555205664e-04 4.730062146982076622e-05 nan nan nan nan nan nan nan nan -6.318794529910982227e+00 4.148173406499830983e-03 4.310583372645995226e-01
1.549695678710937500e+03 1.550695678710937500e+03 1.549896118579117910e+03 3.284963788776029854e-03 3.257344168470188012e-02 9.899697085657912024e-03 4.758158912347990554e+04 1.446096251503463645e+04 -2.557034660712044450e-04 7.017614942953207576e-05 1.549925199869688868e+03 3.284963788776029854e-03 9.949832965584494773e-03 9.899697085657912024e-03 1.557739919082792185e+05 2.026241953814266890e+04 -6.742901227804643134e-04 7.017614942953207576e-05 5.784681746223781396e+00 -3.659008616198537560e-03 4.925638220783726817e-01
1.551294555664062500e+03 1.552294555664062500e+03 1.551856805844304063e+03 8.773705777421258794e-04 4.106778837484222761e-02 2.814807245636140667e-03 3.778768877641724248e+04 2.589987539540346916e+03 -9.437162305608397771e-04 5.191835980444272323e-05 nan nan nan nan nan nan nan nan -2.664765144665722474e+01 1.710581336490758775e-02 4.933000661840932777e-01
1.553157104492187500e+03 1.554157104492187500e+03 1.553649377781605608e+03 1.033513132107690465e-03 3.785351234110341523e-02 3.025528081221575023e-03 4.104373099598919362e+04 3.280513564283708092e+03 -4.587070579021907302e-04 2.638910556525751502e-05 nan nan nan nan nan nan nan nan 2.904773554618171438e+00 -1.802395304553457362e-03 4.070397825723530705e-01
1.555111450195312500e+03 1.556111450195312500e+03 1.555608609398879935e+03 2.369428965181548483e-04 1.433337797225672262e-02 7.376534465431881750e-04 1.085304952126338612e+05 5.585417059673355652e+03 -5.836111457403770622e-04 1.652889296183762625e-05 1.555468351624570232e+03 2.369428965181548483e-04 4.111754118202494424e-02 7.376534465431881750e-04 3.782979981070859503e+04 2.554163729390760182e+03 -4.337247534137251485e-04 1.652889296183762625e-05 1.656306319513446113e+01 -1.058128848745694579e-02 8.142335901237998108e-01
1.557009887695312500e+03 1.558009887695312500e+03 1.557512645119130639e+03 1.614920592632046188e-04 1.359725390033700125e-02 5.105954876552976258e-04 1.145461176598701568e+05 4.301363439593924340e+03 -6.023765180013209352e-04 1.228440661294110985e-05 nan nan nan nan nan nan nan nan -1.715765685874714563e+00 1.171444944551822825e-03 8.594123169272174234e-01
1.558904296875000000e+03 1.559904296875000000e+03 1.559404214122338317e+03 2.328083600207111982e-04 1.400614650974070681e-02 6.993056281355816348e-04 1.113371342387312616e+05 5.558894056965064919e+03 -5.137593820248741085e-04 1.456186897428271649e-05 nan nan nan nan nan nan nan nan 9.974484164638232286e+00 -6.333553630625293751e-03 7.668428831249894939e-01
1.560794799804687500e+03 1.561794799804687500e+03 1.561302968068128848e+03 1.252962269012647596e-04 1.183495966092344698e-02 2.081154978704651058e-04 1.319229649107485893e+05 2.319840059437261516e+03 -1.009662347418371128e-03 1.495735010506542640e-05 nan nan nan nan nan nan nan nan -1.448376323921052133e+01 9.345490606490838154e-03 8.938643061259693434e-01
1.562717163085937500e+03 1.563717163085937500e+03 1.563220418240804747e+03 4.514994261260335561e-04 1.982479048324620532e-02 1.262327350505880550e-03 7.885180020247233915e+04 5.020824009078321069e+03 -7.805141764352221739e-04 3.353084849531776134e-05 1.563201256524208702e+03 4.514994261260335561e-04 5.617492028078965340e-03 1.262327350505880550e-03 2.782738718115782249e+05 4.617455333532391523e+04 -2.168033659302443894e-04 3.353084849531776134e-05 7.701636095122680326e-01 -4.236997137897304845e-04 7.986129682965870114e-01
1.564626586914062500e+03 1.565626586914062500e+03 1.565122704901191128e+03 1.161573554192113614e-04 7.392975399847166208e-03 1.894193685711981624e-04 2.117040325784861343e+05 5.424182011479497305e+03 -5.974069277903510354e-04 1.280415686541899826e-05 nan nan nan nan nan nan nan nan -3.403468205881626130e+00 2.240263848028154793e-03 7.224372673522552191e-01
1.565899902343750000e+03 1.566899902343750000e+03 1.566699462890624773e+03 6.677474766751048153e-03 2.600668588453159957e-01 4.177215062515592797e-02 6.024218040878768988e+03 9.676148072393904158e+02 -1.001489972922117375e-03 2.429371446679219376e-04 1.566400721996110633e+03 6.677474766751048153e-03 1.684198087797898410e-02 4.177215062515592797e-02 9.300572975024519837e+04 2.303580388543869049e+04 -6.371481743025150541e-05 2.429371446679219376e-04 -6.238325915691579127e+00 4.049794291621969418e-03 2.248985131134823012e-01
1.566542968750000000e+03 1.567542968750000000e+03 1.567043012303140358e+03 1.399174620124755681e-04 1.065919556126917848e-02 2.968300127117345401e-04 1.470132528571934963e+05 4.093924861757820963e+03 -7.173565198405234319e-04 1.383073561232460208e-05 nan nan nan nan nan nan nan nan -9.675497706767925976e+00 6.239703915988872515e-03 8.812771274220327911e-01
1.568462402343750000e+03 1.569462402343750000e+03 1.568961465428853217e+03 1.821762657725144955e-04 1.089800963036360697e-02 5.151732551511169862e-04 1.439677077415562526e+05 6.805675086525991901e+03 -4.785225393797260473e-04 1.534812236001770327e-05 1.568973171258820003e+03 1.821762657725144955e-04 5.675412921606149373e-03 5.151732551511169862e-04 2.764509284048355184e+05 2.700278046312184597e+04 -1.295358155130285117e-04 1.534812236001770327e-05 -2.535119642313377497e+00 1.685629344156329206e-03 9.055033889699649619e-01
1.570387817382812500e+03 1.571387817382812500e+03 1.570887713268282141e+03 1.683206490623409708e-04 1.310868301580371542e-02 4.702304761730464436e-04 1.198356624669643352e+05 4.298706480023123731e+03 -3.508319692112864935e-04 8.017264277698652464e-06 nan nan nan nan nan nan nan nan -1.940960374909131425e-01 1.881309923569796062e-04 8.029614329278056406e-01
1.572314208984375000e+03 1.573314208984375000e+03 1.572816220791861497e+03 1.832236558025414125e-04 2.263018162183819473e-02 5.498754717953198423e-04 6.950082182610894961e+04 1.688753445767929861e+03 -8.830621743075889752e-04 1.242853492988203877e-05 nan nan nan nan nan nan nan nan -4.271194834407598506e+00 2.783943499268092241e-03 9.218605609559862302e-01
1.574256591796875000e+03 1.575256591796875000e+03 1.574773308456697578e+03 2.055312232837719323e-04 3.183907177731572658e-03 4.383246921895519598e-04 4.946040259812696022e+05 6.809154455266227887e+04 -1.904768250459673877e-04 2.008690421366271249e-05 1.574754511156660556e+03 2.055312232837719323e-04 1.803143180710522694e-02 4.383246921895519598e-04 8.733385834263775905e+04 6.304443892213172148e+03 -7.612735129354841540e-04 2.008690421366271249e-05 -8.817313122821619942e+00 5.665913859367320213e-03 7.518869047676473016e-01
1.576208007812500000e+03 1.577208007812500000e+03 1.576696673680103231e+03 1.679886341145609818e-04 8.011336272745028797e-03 2.927192626592832535e-04 1.968082002804082877e+05 7.191004011105762402e+03 -6.377628607770393244e-04 1.924396844747658595e-05 1.576708008721379883e+03 1.679886341145609818e-04 1.437603795702580185e-03 2.927192626592832535e-04 1.096761161478999304e+06 1.143288471247486887e+05 -9.125402178986912111e-05 1.924396844747658595e-05 -3.526882833169346032e+00 2.303771137639032580e-03 7.267820159415170345e-01
1.576954956054687500e+03 1.577954956054687500e+03 1.577535426884304570e+03 8.671547412123373558e-04 1.792772031203006310e-03 3.851173865062305045e-03 8.799420112694019917e+05 1.890262463709451258e+06 -3.799654928779035891e-06 4.005618131773625731e-06 nan nan nan nan nan nan nan nan 1.000556415555336187e+01 -6.277211866375604493e-03 2.022097346293250109e-01
