StartWavelength[nm] EndWavelength[nm] w_r[nm] sigma(w_r)[nm] width[nm] sigma(width)[nm] Q_L[-] sigma(Q_L)[nm] Amplitude[-] sigma(Amp)[-] w_r1[nm] sigma1(w_r)[nm] width1[nm] sigma1(width)[nm] Q_L1[-] sigma1(Q_L)[nm] Amplitude1[-] sigma1(Amp)[-] b[-] c[-] R2
1.520485229492187500e+03 1.521485229492187500e+03 1.521012926466429690e+03 2.406129850209298270e-03 2.452984331922712646e-02 7.640607749247798133e-03 6.200663031851574488e+04 1.931395704232456410e+04 -5.372427508955632074e-05 1.347519517558100630e-05 1.520986745462987074e+03 2.406129850209298270e-03 9.663025405564703782e-03 7.640607749247798133e-03 1.574027472376392107e+05 4.005569461069031968e+04 -4.002204812603161988e-05 1.347519517558100630e-05 -3.992607710340453142e+00 2.705035895834124061e-03 2.331197993011864256e-01
1.521354003906250000e+03 1.522354003906250000e+03 1.521852930253164232e+03 1.043422798834680166e-04 3.952976069814543442e-03 2.280065839121165467e-04 3.849891583898616955e+05 2.220606988188861214e+04 -2.964331436505676502e-04 1.162013033669912814e-05 nan nan nan nan nan nan nan nan 2.465003460564391702e+01 -1.612062295534751749e-02 7.912755467205450088e-01
1.522843017578125000e+03 1.523843017578125000e+03 1.523343420417335437e+03 5.075482978735203644e-04 1.458124058359506516e-02 1.753560482605942116e-03 1.044728266901518218e+05 1.256404894634308766e+04 -2.831961661281654679e-04 3.435555510283334760e-05 1.523318898045729384e+03 5.075482978735203644e-04 3.062860427614101308e-02 1.753560482605942116e-03 4.973517187762813410e+04 1.083097240222055007e+04 -2.001085352520488489e-04 3.435555510283334760e-05 -2.267957612513713528e+01 1.496185893850744859e-02 6.994298002620797927e-01
1.523067626953125000e+03 1.524067626953125000e+03 1.523308168886278736e+03 3.249577602051082620e-03 4.215196843508125374e-02 9.761756746457702846e-03 3.613848238742026297e+04 8.369124559637644779e+03 -2.225982792859233122e-04 4.945035036382638028e-05 1.523342414492369244e+03 3.249577602051082620e-03 1.644022117633329658e-02 9.761756746457702846e-03 9.265948420969626750e+04 9.595287219463429210e+03 -3.283831899497475712e-04 4.945035036382638028e-05 -1.569796557489353717e+01 1.037921419886268966e-02 6.915522250225841772e-01
1.524558715820312500e+03 1.525558715820312500e+03 1.525299016696597391e+03 2.770307890347861800e-04 1.231232076163143313e-02 7.784717032558139153e-04 1.238839570724836231e+05 7.832816975433122025e+03 -2.731256065541427260e-04 1.156618734764409090e-05 nan nan nan nan nan nan nan nan 1.618121000486079097e+01 -1.053691571253360416e-02 7.122188544440277713e-01
1.524800292968750000e+03 1.525800292968750000e+03 1.525299020871830180e+03 2.793854869059115816e-04 1.225289344982125397e-02 7.737687922622506860e-04 1.244848024769268959e+05 7.861200757392280138e+03 -2.719984397495895734e-04 1.142519925514739882e-05 nan nan nan nan nan nan nan nan 1.591660435948017849e+01 -1.036346573568442189e-02 6.663137072154864393e-01
1.526624877929687500e+03 1.527624877929687500e+03 1.527124786541031426e+03 8.902699304576403895e-05 5.195480156072644108e-03 2.690170614768503331e-04 2.939333306385703036e+05 1.521959058704489325e+04 -2.460619007303406296e-04 7.072881903379052932e-06 nan nan nan nan nan nan nan nan -2.156002719486268759e+01 1.419560624827847194e-02 8.552176575405707748e-01
1.528441406250000000e+03 1.529441406250000000e+03 1.528951336908252870e+03 6.499017144039473057e-05 3.780994798572562005e-03 2.050300895672195066e-04 4.043780587811116711e+05 2.192800414383961106e+04 -1.410849729094713900e-04 4.805065604074068916e-06 1.528941225098670202e+03 6.499017144039473057e-05 6.342343533062132048e-03 2.050300895672195066e-04 2.410688126760118466e+05 1.015384246820098451e+04 -1.983938460828619708e-04 4.805065604074068916e-06 1.326379900028458181e+01 -8.601844829428082623e-03 9.193254632368161872e-01
1.530281005859375000e+03 1.531281005859375000e+03 1.530781127590705864e+03 7.151472210244446933e-05 5.582490090382714182e-03 2.457622998715852007e-04 2.742111679209020222e+05 1.207181135795481896e+04 -2.910001199431519535e-04 6.583973413374352981e-06 nan nan nan nan nan nan nan nan -4.198232617364057617e+00 2.819230529483590479e-03 8.572890573800469038e-01
1.532121459960937500e+03 1.533121459960937500e+03 1.532600674098976015e+03 3.222906195494930131e-04 1.304364880518614662e-02 9.866008080645274209e-04 1.174978487223310512e+05 8.887350022000924582e+03 -1.438446745652275022e-04 7.993805310127488211e-06 1.532621081700436889e+03 3.222906195494930131e-04 5.032410071636375833e-03 9.866008080645274209e-04 3.045501181111177430e+05 2.152635336186287532e+04 -2.965651710973037417e-04 7.993805310127488211e-06 -4.153760194927922811e+00 2.783733765764586764e-03 8.748862399500990650e-01
1.533953002929687500e+03 1.534953002929687500e+03 1.534452649757750805e+03 6.162052154975396938e-05 4.999582632600227221e-03 2.450172349634869694e-04 3.069161493105873815e+05 1.504120479565621827e+04 -3.370189823317318724e-04 8.706270875850342613e-06 nan nan nan nan nan nan nan nan 1.176930696088489015e+01 -7.591049122707516777e-03 9.060883364418361730e-01
1.535810424804687500e+03 1.536810424804687500e+03 1.536310157852539078e+03 7.021991831980161681e-05 6.611918180828161087e-03 2.305645817464762107e-04 2.323546837447574071e+05 8.102453631357644554e+03 -3.020311740978855446e-04 5.542025369309768060e-06 nan nan nan nan nan nan nan nan -6.642277604010609515e+00 4.393221977531671166e-03 8.987329279165882090e-01
1.537661987304687500e+03 1.538661987304687500e+03 1.538157414198401511e+03 4.752798535713260617e-05 6.401723772590003914e-03 9.760181957652820151e-05 2.402723811333857593e+05 3.663235469962163734e+03 -7.211844490919017267e-04 9.559960544966512844e-06 nan nan nan nan nan nan nan nan 1.698182145883402105e+00 -1.025571923341166624e-03 8.360487301364977197e-01
1.539491455078125000e+03 1.540491455078125000e+03 1.540056060746570665e+03 2.700591520452080320e-04 1.930110047729362982e-02 7.804592522901446705e-04 7.979110116329049924e+04 3.226432773983802235e+03 -2.656175806210274958e-04 7.541519958179405286e-06 1.539992232615848025e+03 2.700591520452080320e-04 1.632237392347458266e-02 7.804592522901446705e-04 9.434854512192342372e+04 3.371391398961112827e+03 -2.877163624912638202e-04 7.541519958179405286e-06 -8.332444530616868406e+00 5.485855109198265432e-03 8.776747090524117390e-01
1.541366943359375000e+03 1.542366943359375000e+03 1.541866931159077012e+03 8.228626369145929759e-05 6.999822317628557299e-03 3.019023558131307466e-04 2.202722956661334320e+05 9.500344717971724094e+03 -3.692129295642524508e-04 8.012157563991017994e-06 nan nan nan nan nan nan nan nan 1.254028531574053851e+01 -8.059959540693497140e-03 8.971498406436957396e-01
1.543237426757812500e+03 1.544237426757812500e+03 1.543735188955934518e+03 6.241874137094081813e-05 5.649093586173718068e-03 1.205580185543355379e-04 2.732713072295811726e+05 5.831917426194573636e+03 -4.519991022384472752e-04 6.983352752345356136e-06 nan nan nan nan nan nan nan nan -1.831680074876560838e+01 1.194199444692764511e-02 9.374476214921430017e-01
1.545108886718750000e+03 1.546108886718750000e+03 1.545592398243249590e+03 7.613719153163993336e-05 4.802111952441307646e-03 2.182138115172256305e-04 3.218568024965553195e+05 1.462556482046529709e+04 -1.462703836801168870e-04 4.239586292332367963e-06 1.545608152336950980e+03 7.613719153163993336e-05 4.032323006038831745e-03 2.182138115172256305e-04 3.833046484674562817e+05 2.385323673760477323e+04 -2.454117009905542441e-04 4.239586292332367963e-06 1.966991859675173515e+01 -1.265149948806246552e-02 9.320097258307840082e-01
1.546962402343750000e+03 1.547962402343750000e+03 1.547478913990059709e+03 6.093435509637090333e-05 4.092156474042030027e-03 1.811306461377186559e-04 3.781573172497816267e+05 1.673833335789563716e+04 -1.645608906607383957e-04 4.237324427374818703e-06 1.547462739473253123e+03 6.093435509637090333e-05 4.451278866483952650e-03 1.811306461377186559e-04 3.476445277614313527e+05 2.010491478077836655e+04 -2.738122721816026823e-04 4.237324427374818703e-06 -6.418238049528847355e+00 4.221261199526281371e-03 9.231924117214242997e-01
1.548849853515625000e+03 1.549849853515625000e+03 1.549353017084050634e+03 9.292255408325065136e-05 7.072531726760133801e-03 1.527594073210898130e-04 2.190662519366026099e+05 4.731605612089171700e+03 -6.093301150559912597e-04 1.108444430586312510e-05 nan nan nan nan nan nan nan nan 1.177527660431255363e+01 -7.530375408307963571e-03 8.414845777479815769e-01
1.550731323242187500e+03 1.551731323242187500e+03 1.551231222233707740e+03 9.032539478903941804e-05 5.321474200791061378e-03 2.943009537415905842e-04 2.915040388625975465e+05 1.612145684067821639e+04 -3.016872241845408044e-04 9.524410516107930901e-06 1.551225127400640304e+03 9.032539478903941804e-05 3.560917637588840046e-03 2.943009537415905842e-04 4.356251071426077979e+05 7.582759100857308658e+04 -3.931472081362222688e-05 9.524410516107930901e-06 -7.938940475023529508e+00 5.195062953883349335e-03 9.130765027349858620e-01
1.552612792968750000e+03 1.553612792968750000e+03 1.553112227935004967e+03 8.177300630374118441e-05 6.058263447386865765e-03 3.391194972813319744e-04 2.563626097516301961e+05 1.435024410802747479e+04 -3.399454540925163273e-04 9.821782297671550777e-06 nan nan nan nan nan nan nan nan 1.732334435779019444e+01 -1.108778286125384517e-02 9.066059622939410811e-01
1.554500244140625000e+03 1.555500244140625000e+03 1.555000610211822504e+03 6.784823038066984128e-05 5.605257624748766383e-03 2.858579757110195048e-04 2.774182230886344332e+05 1.414782637774806790e+04 -3.355439553382629208e-04 8.686879910196227008e-06 nan nan nan nan nan nan nan nan -9.620450366190629765e+00 6.258861361077868238e-03 9.019279793533956369e-01
1.556381713867187500e+03 1.557381713867187500e+03 1.556882264828733923e+03 9.005757033393624214e-05 7.183679982752804588e-03 3.164583761428291079e-04 2.167248914994307270e+05 9.547252577837978606e+03 -3.433407076278253978e-04 7.740408948342214328e-06 1.557010020189854231e+03 9.005757033393624214e-05 2.509260497523094560e-02 3.164583761428291079e-04 6.205055320987150481e+04 3.925416138186856642e+03 -1.942266414133522615e-04 7.740408948342214328e-06 4.428422287292653969e+00 -2.776631978412733969e-03 8.834675916531112838e-01
1.557383300781250000e+03 1.558383300781250000e+03 1.557625886621460950e+03 3.350416954712508860e-03 1.305563607539953451e-02 9.794175387485297771e-03 1.193067788980778423e+05 8.950245784273272147e+04 -1.577808119447759438e-05 8.666098893177887115e-06 nan nan nan nan nan nan nan nan -8.070415875352930257e+00 5.250194722134902785e-03 2.508163780584021785e-01
1.558296142578125000e+03 1.559296142578125000e+03 1.558796515215329691e+03 1.089320618343677380e-04 8.209741825238488222e-03 4.104820945534931728e-04 1.898715633691742260e+05 9.493462606631601375e+03 -4.266635402480942847e-04 1.065713305417728298e-05 nan nan nan nan nan nan nan nan 9.979907810742052021e+00 -6.331940650098745113e-03 8.661526882423227214e-01
1.559040161132812500e+03 1.560040161132812500e+03 1.559658226723930966e+03 5.693854905965626666e-04 3.039663738493113623e-02 1.734166978748445881e-03 5.131022247536886425e+04 2.927313714475340475e+03 -1.919329612562199316e-04 8.352164822054388755e-06 nan nan nan nan nan nan nan nan -1.794983669200687970e+01 1.144412388831284044e-02 8.111881298317473732e-01
1.560196533203125000e+03 1.561196533203125000e+03 1.560698347759567014e+03 9.855229298707886732e-05 6.812236141970818941e-03 2.642149937151604252e-04 2.291022089125712519e+05 8.885810389792548449e+03 -4.131135739478883481e-04 9.931351171151426953e-06 nan nan nan nan nan nan nan nan -7.638872746774290512e+00 4.957158205152099005e-03 8.761980779866581637e-01
1.562099975585937500e+03 1.563099975585937500e+03 1.562602074957225113e+03 7.585742895666295769e-05 7.184374798958163832e-03 1.982299464393635555e-04 2.175000774157585111e+05 6.001222083096535243e+03 -5.123523947447143363e-04 8.863238780647259138e-06 nan nan nan nan nan nan nan nan 5.301182538120742471e+00 -3.319324819107962246e-03 9.263751750671657126e-01
1.564008422851562500e+03 1.565008422851562500e+03 1.564509185148755023e+03 1.338753522097737040e-04 7.698134637749520434e-03 4.290968438192727693e-04 2.032322450528255431e+05 1.132823976433714051e+04 -3.112572852798993180e-04 9.288632989288207636e-06 nan nan nan nan nan nan nan nan 3.366653102401178099e+00 -2.090583382879426539e-03 7.568762358241714061e-01
1.565896850585937500e+03 1.566896850585937500e+03 1.566438331863273334e+03 4.800185856447476197e-04 2.604009223330437661e-02 1.415576517419859549e-03 6.015486880111173377e+04 3.270104380650790063e+03 -4.227362064788015581e-04 1.597449858852130947e-05 1.566395340461351225e+03 4.800185856447476197e-04 3.957227613705307720e-03 1.415576517419859549e-03 3.958314995671107317e+05 1.366308827370514882e+04 -3.524787638275492067e-04 1.597449858852130947e-05 -2.714760016951581201e-01 2.401797854421171947e-04 7.402132989207439451e-01
1.567854248046875000e+03 1.568854248046875000e+03 1.568352578342728066e+03 1.072864961857804945e-04 7.433017500759029825e-03 3.426345103564349824e-04 2.109981011322217819e+05 9.726229093402977014e+03 -4.378364108284676947e-04 1.163490311721238627e-05 nan nan nan nan nan nan nan nan -8.300204585339138186e-01 5.923104061778202995e-04 8.637676307746171567e-01
1.568628173828125000e+03 1.569628173828125000e+03 1.568893829381763680e+03 1.176662320402850062e-03 8.180952198507528139e-03 3.427438089083894440e-03 1.917739880778157967e+05 8.034437254802582902e+04 -2.143686941716151735e-05 6.387618380124164673e-06 nan nan nan nan nan nan nan nan -6.818640008563315646e+00 4.410925074193227519e-03 2.216068544273274155e-01
1.569766601562500000e+03 1.570766601562500000e+03 1.570272726647311856e+03 7.000606622362171331e-05 8.000868832706918565e-03 1.315726465543217664e-04 1.962627758910583798e+05 3.227501085709288418e+03 -7.312305114909594273e-04 1.033780727848753509e-05 nan nan nan nan nan nan nan nan 9.566228385570617831e+00 -6.026135001173263915e-03 8.718385552063772082e-01
1.570676391601562500e+03 1.571676391601562500e+03 1.571125894212726735e+03 7.059953170786133388e-03 9.561274886452547639e-02 2.333833801252937004e-02 1.643217994327166889e+04 4.010968980790923069e+03 -1.834860381672150597e-04 3.680268991217929724e-05 nan nan nan nan nan nan nan nan 1.025462289064067889e+01 -6.463857994737262115e-03 2.591261612343821463e-01
1.571703979492187500e+03 1.572703979492187500e+03 1.572204781898890587e+03 1.235438303060549690e-04 7.460642544664497500e-03 4.561271102379282341e-04 2.107331603794981202e+05 1.288375725010804308e+04 -3.323916347974697127e-04 1.021015675716038721e-05 nan nan nan nan nan nan nan nan -2.588534093023147520e+00 1.706625817479784195e-03 7.916965924869592275e-01
1.573629394531250000e+03 1.574629394531250000e+03 1.574132838692749601e+03 1.071163428353425487e-04 7.850183298595160911e-03 1.794055145288740369e-04 2.005217940547261387e+05 4.582659317424911023e+03 -6.064306972907436248e-04 1.106623871240724143e-05 nan nan nan nan nan nan nan nan 2.914789212935444240e+00 -1.785008058750840818e-03 8.488070568379971759e-01
1.575583740234375000e+03 1.576583740234375000e+03 1.576064482657664030e+03 8.434458858398385071e-04 4.001711795405574201e-02 2.358497062302103344e-03 3.938475740474782651e+04 2.321227499418002935e+03 -5.795890271323387308e-04 2.808215386289062207e-05 1.576095088696011317e+03 8.434458858398385071e-04 6.566214229830956255e-03 2.358497062302103344e-03 2.400310184117442404e+05 9.214866348270303206e+03 -5.287552443177316293e-04 2.808215386289062207e-05 9.194970255414713911e-01 -5.208291469886107330e-04 8.066641957499794957e-01
1.577517211914062500e+03 1.578517211914062500e+03 1.578016736968794930e+03 1.165933437133751579e-04 6.928768265267337689e-03 4.818186253244252301e-04 2.277485227611244482e+05 1.583737194770527822e+04 -3.822435476933275320e-04 1.359942654971520099e-05 nan nan nan nan nan nan nan nan 8.524191363108410968e+00 -5.337467789963246112e-03 8.260119454730912025e-01
1.578722534179687500e+03 1.579722534179687500e+03 1.579087421572277208e+03 1.270210240514512041e-02 3.584140812604998949e-01 6.544125986792720395e-02 4.405762787050145562e+03 8.044289630854057123e+02 -6.049560423418834983e-04 1.480667113801455745e-04 nan nan nan nan nan nan nan nan 2.123945640691163594e-01 -7.177985450069728347e-05 1.683956175951615286e-01
1.579459594726562500e+03 1.580459594726562500e+03 1.579959584812329695e+03 1.079616749219303878e-04 8.725430293695624409e-03 3.523485700952291573e-04 1.810752629533807922e+05 7.312144826534365166e+03 -3.724255255968629205e-04 7.961448839841279418e-06 nan nan nan nan nan nan nan nan -8.355549656931351876e+00 5.351937613220453770e-03 8.684635071896894543e-01
1.581413940429687500e+03 1.582413940429687500e+03 1.581912876497291336e+03 9.183017007186125037e-05 7.300106810475831196e-03 3.650748073443731124e-04 2.166972234196913196e+05 1.083692323220968319e+04 -4.390040383284388929e-04 1.152284455748659902e-05 nan nan nan nan nan nan nan nan 1.160079320322754626e+01 -7.265228546766062424e-03 8.992342987046086922e-01
1.583375244140625000e+03 1.584375244140625000e+03 1.583873935352102308e+03 1.543184559547578860e-04 5.790982103300855791e-03 5.866385566297373146e-04 2.735069642935513984e+05 2.770682552618632326e+04 -2.499581892915814273e-04 1.271148383675329308e-05 1.583862348967482831e+03 1.543184559547578860e-04 5.529420237600426481e-03 5.866385566297373146e-04 2.864427518453224329e+05 3.153641611622511846e+04 -2.469017931589877614e-04 1.271148383675329308e-05 -3.508626787910390288e+00 2.275864014051094762e-03 8.361367944393943707e-01
1.585328613281250000e+03 1.586328613281250000e+03 1.585919411084412786e+03 1.783450805069349953e-03 7.325482963196194852e-02 5.962742099651320224e-03 2.164934952483265806e+04 1.762197639427482727e+03 -3.283777255784201855e-04 2.112554669838536208e-05 1.585829700083515263e+03 1.783450805069349953e-03 1.443708941490497513e-02 5.962742099651320224e-03 1.098441420225804759e+05 3.674870385110154984e+03 -4.517382364907509499e-04 2.112554669838536208e-05 5.089867420252257579e-01 -2.538704400138283861e-04 8.682389540579292797e-01
1.586321289062500000e+03 1.587321289062500000e+03 1.586761891250048848e+03 1.021199437011462965e-04 1.101869134410408914e-03 9.017701697922803680e-04 1.440063834893694147e+06 1.178548856982617173e+06 -7.767383883084966336e-06 1.333905143250209901e-06 nan nan nan nan nan nan nan nan -4.184704534120499808e+00 2.572289895465665333e-03 1.606981920330713409e-01
1.587034301757812500e+03 1.588034301757812500e+03 1.587805437240866468e+03 1.632219562800516605e-04 1.180576621263097759e-02 6.967639567002218478e-04 1.344940606685972598e+05 7.937698593761136181e+03 -6.582655869328342575e-04 1.949471114480110393e-05 nan nan nan nan nan nan nan nan -2.823801616430320571e+00 1.843240350343096660e-03 8.632326964492675891e-01
1.587305908203125000e+03 1.588305908203125000e+03 1.587805425609112945e+03 1.636813814701898484e-04 1.155790141548385108e-02 6.799541836562749504e-04 1.373783499729429313e+05 8.082002125654172232e+03 -6.474801175300446982e-04 1.949759357513854450e-05 nan nan nan nan nan nan nan nan -2.268105045808833431e+00 1.493036741197341236e-03 8.629353441645750689e-01
1.589276245117187500e+03 1.590276245117187500e+03 1.589772745003762111e+03 1.354064972470248301e-04 1.061982757349894634e-02 2.530492034653166258e-04 1.496985458568961476e+05 3.567016274706327749e+03 -7.389779159235014680e-04 1.306077066581265035e-05 nan nan nan nan nan nan nan nan 1.090714102261055984e+01 -6.797343185024940643e-03 8.923492985582553993e-01
1.591246582031250000e+03 1.592246582031250000e+03 1.591745836081545121e+03 1.387637229449871317e-04 8.429021553421052124e-03 5.988768265982455027e-04 1.888411158986193186e+05 1.341704579872872091e+04 -4.507248289227548752e-04 1.488555499552406156e-05 1.591762209602950634e+03 1.387637229449871317e-04 5.998083145033328636e-03 5.988768265982455027e-04 2.653784836112181074e+05 2.291875199761802287e+04 -1.226442370957632022e-04 1.488555499552406156e-05 -7.064749360561086711e+00 4.500642375142817862e-03 8.844583340600922217e-01
1.593218994140625000e+03 1.594218994140625000e+03 1.593735051769231859e+03 9.776826096269908512e-05 4.343196567430173717e-03 4.305433088484451648e-04 3.669497861829976900e+05 3.637592097701608873e+04 -2.178153746116326763e-04 1.015991423799948087e-05 1.593719706466132948e+03 9.776826096269908512e-05 8.996924166103500639e-03 4.305433088484451648e-04 1.771405068046006199e+05 1.085414516304436984e+04 -4.648224628048234792e-04 1.015991423799948087e-05 1.158942131919644858e+01 -7.205424888201771016e-03 9.218563715015396509e-01
