StartWavelength[nm] EndWavelength[nm] w_r[nm] sigma(w_r)[nm] width[nm] sigma(width)[nm] Q_L[-] sigma(Q_L)[nm] Amplitude[-] sigma(Amp)[-] w_r1[nm] sigma1(w_r)[nm] width1[nm] sigma1(width)[nm] Q_L1[-] sigma1(Q_L)[nm] Amplitude1[-] sigma1(Amp)[-] b[-] c[-] R2
1.521353027343750000e+03 1.522353027343750000e+03 1.521851699476874046e+03 9.968918213167522052e-05 4.150894993585593599e-03 3.039168873210382552e-04 3.666321845839516027e+05 2.684378007699506634e+04 -3.106251094085435058e-04 1.333800026492050303e-05 nan nan nan nan nan nan nan nan 9.592047370459084732e+00 -6.222093656461465637e-03 7.049304120973306498e-01
1.522843994140625000e+03 1.523843994140625000e+03 1.523347607969047658e+03 4.901545762574601763e-04 1.613401190122686416e-02 1.582540809173734863e-03 9.441840115744610375e+04 9.261241028217955318e+03 -3.407501258486809927e-04 4.210755003239535077e-05 1.523328547561772439e+03 4.901545762574601763e-04 2.699840155569792691e-02 1.582540809173734863e-03 5.642291616483787220e+04 1.323130500167311948e+04 -1.539773545815427229e-04 4.210755003239535077e-05 -5.985982368467051451e+00 4.010755456743215694e-03 7.042056749372180846e-01
1.524799316406250000e+03 1.525799316406250000e+03 1.525298181731690420e+03 3.529192984854766105e-04 1.549475447118318569e-02 9.896463374234449294e-04 9.843964837057646946e+04 6.287317275598817105e+03 -3.965300836719626147e-04 1.670248272163488853e-05 1.525186560886124198e+03 3.529192984854766105e-04 4.995617593812444468e-02 9.896463374234449294e-04 3.053049061992285351e+04 4.519565842573610098e+03 -2.595035649524696925e-04 1.670248272163488853e-05 5.271913629286548719e+00 -3.381896577061433481e-03 5.878822255323021828e-01
1.526625854492187500e+03 1.527625854492187500e+03 1.527334202213601429e+03 9.596075137573959087e-04 3.100036178095064003e-04 1.525877860147455481e-02 4.926827025457911193e+06 2.425047917841375470e+08 -2.640310429044401445e-06 1.064523422120858205e-04 1.527125562391647691e+03 9.596075137573959087e-04 5.417306254656759426e-03 1.525877860147455481e-02 2.818975872148484341e+05 1.376413736440289722e+04 -2.804426928589520652e-04 1.064523422120858205e-04 -9.425088900532038849e+00 6.255496710720403683e-03 8.031728980222740955e-01
1.528439453125000000e+03 1.529439453125000000e+03 1.528949890416487733e+03 1.061293580503807666e-04 4.150552845926474763e-03 3.364195850402721061e-04 3.683725872607700294e+05 2.985813156629314108e+04 -1.727074418140210762e-04 8.120431585491278171e-06 1.528939309105449411e+03 1.061293580503807666e-04 4.501223739935902857e-03 3.364195850402721061e-04 3.396719197804687428e+05 2.665458691038399775e+04 -2.012595437273854277e-04 8.120431585491278171e-06 -1.173190106527414039e-01 1.522042758466178678e-04 7.836576187604202826e-01
1.530281005859375000e+03 1.531281005859375000e+03 1.530779641208516978e+03 7.559552873632465831e-05 5.781310769363927175e-03 2.548025221741967764e-04 2.647807222750173532e+05 1.166980958995310175e+04 -3.072008941038298596e-04 7.026672773800375211e-06 nan nan nan nan nan nan nan nan 6.023712776399340996e+00 -3.855716257386737275e-03 8.514266934790711838e-01
1.531519287109375000e+03 1.532519287109375000e+03 1.532021602226827781e+03 1.262062099689602703e-03 9.677940386040421311e-03 3.633600029125573765e-03 1.583003760218067036e+05 5.943415933357954054e+04 -1.966063405835552762e-05 5.288065953253728594e-06 1.531721512835251133e+03 1.262062099689602703e-03 4.118484663938964258e-02 3.633600029125573765e-03 3.719138561439477780e+04 1.015004575444236980e+04 -6.308027663621159069e-05 5.288065953253728594e-06 -1.592742007578192398e+00 1.114463292401542214e-03 1.252736073963408581e-01
1.532122436523437500e+03 1.533122436523437500e+03 1.532603939847203037e+03 4.441441561246439696e-04 1.444933666806512071e-02 1.352969362383027972e-03 1.060674254503636475e+05 9.931665396034526566e+03 -1.463355754529549143e-04 1.053992771495637646e-05 1.532620743199342769e+03 4.441441561246439696e-04 4.350889390365674826e-03 1.352969362383027972e-03 3.522545865204199217e+05 1.920422500293627672e+04 -3.064621263291905651e-04 1.053992771495637646e-05 -1.154942209151987420e+01 7.612455395283063836e-03 8.672177289721759719e-01
1.533957031250000000e+03 1.534957031250000000e+03 1.534456341337860749e+03 6.587146097705449520e-05 4.408146709918733981e-03 2.491947956045437802e-04 3.480955699330953066e+05 1.967802119769943238e+04 -3.081687900717605048e-04 9.385574715517534005e-06 nan nan nan nan nan nan nan nan 1.915931653418732594e+01 -1.240722531916820144e-02 8.931036895629552719e-01
1.535248291015625000e+03 1.536248291015625000e+03 1.535748563659854199e+03 5.433896189199798532e-04 5.505997489001701432e-03 1.539283441643143294e-03 2.789228594323791331e+05 7.797703138767821656e+04 -2.420424250181185162e-05 4.751017625137888284e-06 nan nan nan nan nan nan nan nan 5.445418103408291799e+00 -3.474564621749865866e-03 1.824125565357522794e-01
1.535810424804687500e+03 1.536810424804687500e+03 1.536309953558357165e+03 9.828288113735442416e-05 7.117415720058242398e-03 3.155738042128188254e-04 2.158522157457714784e+05 9.570510919962491243e+03 -3.247324270982609941e-04 7.682161931746400331e-06 nan nan nan nan nan nan nan nan -6.399565845988553825e+00 4.236732610299271187e-03 8.363885027047341936e-01
1.537662963867187500e+03 1.538662963867187500e+03 1.538152328267968414e+03 1.177743051434793330e-04 5.908641120419247557e-03 3.524670462652254544e-04 2.603225169578125933e+05 1.552896964945712898e+04 -2.047921506551338762e-04 7.987448985447318195e-06 1.538162008693549296e+03 1.177743051434793330e-04 3.009162230212446016e-03 3.524670462652254544e-04 5.111595490765399882e+05 3.475579110795424640e+04 -2.015926064906123198e-04 7.987448985447318195e-06 3.678879372634246803e+00 -2.315479546930039947e-03 8.496697302268095831e-01
1.539496459960937500e+03 1.540496459960937500e+03 1.540059705956123707e+03 3.709870728679984502e-04 2.038133340141861163e-02 1.075218327052258503e-03 7.556226453019655310e+04 3.986291282180298822e+03 -2.286779733225018801e-04 8.562924334645515519e-06 1.539996028105241066e+03 3.709870728679984502e-04 1.389130100110851952e-02 1.075218327052258503e-03 1.108604606568060117e+05 4.152013923493149377e+03 -2.937265063639222682e-04 8.562924334645515519e-06 -3.072549212007318786e+00 2.071423052612773267e-03 8.367638372932358903e-01
1.541369995117187500e+03 1.542369995117187500e+03 1.541870288914260527e+03 9.870918964441043855e-05 7.318535051006510792e-03 3.700030293542807126e-04 2.106801809608343174e+05 1.065135367080855394e+04 -3.785430549711364862e-04 9.589533021642331000e-06 nan nan nan nan nan nan nan nan 1.382064893855619125e+01 -8.892675235791435914e-03 8.759623951545038034e-01
1.543238403320312500e+03 1.544238403320312500e+03 1.543736822277250212e+03 7.799957466165496878e-05 5.490668847108384071e-03 1.540895331744570262e-04 2.811564247022922500e+05 7.890343314778790045e+03 -4.276468836903849239e-04 8.581890092903911212e-06 nan nan nan nan nan nan nan nan -1.070277973055219256e+01 7.008351673754241971e-03 8.810855771338588216e-01
1.545109863281250000e+03 1.546109863281250000e+03 1.545594114995718428e+03 8.008805279544968958e-05 4.409273250977611969e-03 2.398262301587076077e-04 3.505326222757987562e+05 1.906593503350015089e+04 -1.615089734896456243e-04 5.177635917667147652e-06 1.545610124620985971e+03 8.008805279544968958e-05 4.506807946968093177e-03 2.398262301587076077e-04 3.429500752657495905e+05 2.464868641561786717e+04 -2.657877494765578772e-04 5.177635917667147652e-06 1.373618070048642892e+01 -8.815028903797053617e-03 9.005954843933039466e-01
1.545858886718750000e+03 1.546858886718750000e+03 1.546360224023855608e+03 5.362366577305667818e-04 4.999340574760605983e-03 1.567813307891415637e-03 3.093128385432919604e+05 9.700174999447003938e+04 -2.117297419502662994e-05 4.616100293242938207e-06 1.546381072354123262e+03 5.362366577305667818e-04 4.913495296599227312e-03 1.567813307891415637e-03 3.147211870589188184e+05 9.948539410477627825e+04 -2.047370164849926939e-05 4.616100293242938207e-06 3.002420308160822948e+00 -1.871949756886379015e-03 1.217650652528808886e-01
1.546966430664062500e+03 1.547966430664062500e+03 1.547465411047857060e+03 7.272253696647439016e-05 4.714441219183899967e-03 3.131774165758356081e-04 3.282394114388243761e+05 2.180474124367265176e+04 -2.750785981022415595e-04 8.965295397921374152e-06 1.547480856453213619e+03 7.272253696647439016e-05 3.553013329070618242e-03 3.131774165758356081e-04 4.355404027876239270e+05 2.549928978968975935e+04 -1.448006505972410888e-04 8.965295397921374152e-06 1.763353562318917156e+00 -1.069176918840011479e-03 8.913411881411749116e-01
1.548846923828125000e+03 1.549846923828125000e+03 1.549346306643354183e+03 1.263468345398670073e-04 5.707705630687940658e-03 4.903852771123565820e-04 2.714481802132836892e+05 2.332183887688544928e+04 -2.891379469487155335e-04 1.184587845840638857e-05 1.549354360833127203e+03 1.263468345398670073e-04 3.068422570716481789e-03 4.903852771123565820e-04 5.049351336479546153e+05 5.524544093491284730e+04 -1.065128162377159933e-04 1.184587845840638857e-05 -1.558851274673744181e+00 1.074189573059106811e-03 8.403605981801675062e-01
1.550733276367187500e+03 1.551733276367187500e+03 1.551231901456806099e+03 8.276144029575467870e-05 6.969704197840104719e-03 2.805137576093796122e-04 2.225678246054587653e+05 8.957817294803611730e+03 -3.477010621800107710e-04 7.265267154721882763e-06 nan nan nan nan nan nan nan nan 4.129401637198069963e+00 -2.589252977432521426e-03 8.740642087561045770e-01
1.552614746093750000e+03 1.553614746093750000e+03 1.553113766166573214e+03 9.849169953247564934e-05 5.814949261348429689e-03 3.382444122426766500e-04 2.670898225183174363e+05 1.553610117189800803e+04 -3.412505466590970860e-04 1.111362828693019644e-05 nan nan nan nan nan nan nan nan 2.624511645402257010e+00 -1.624853187476837111e-03 8.195854397957940130e-01
1.554498291015625000e+03 1.555498291015625000e+03 1.554998942752143194e+03 8.567415059224091389e-05 5.250759105441574551e-03 3.499839819485904189e-04 2.961474544015235151e+05 1.973940591332894473e+04 -3.015755405800287642e-04 1.044642781998980189e-05 nan nan nan nan nan nan nan nan -3.039842219597937989e-01 2.628535992349257441e-04 8.265314848733974484e-01
1.556380737304687500e+03 1.557380737304687500e+03 1.556880421947792229e+03 9.852698051792737482e-05 6.522676720183996461e-03 3.307345575607834130e-04 2.386873501073765510e+05 1.210272385398146980e+04 -2.946413738604790333e-04 7.785006174778701693e-06 1.557018386291053730e+03 9.852698051792737482e-05 1.897975562927059837e-02 3.307345575607834130e-04 8.203574464835671824e+04 5.661693666342674987e+03 -1.728867539948035752e-04 7.785006174778701693e-06 -9.012130325894574412e+00 5.855004454247250516e-03 8.446745591974305079e-01
1.558300170898437500e+03 1.559300170898437500e+03 1.558800756051024109e+03 1.300362178644113393e-04 8.411383830714479551e-03 4.937557421901657894e-04 1.853203690882593510e+05 1.087847115573239898e+04 -4.106480481658703833e-04 1.202924378733561105e-05 nan nan nan nan nan nan nan nan 1.694423330305643205e+01 -1.080466593333649118e-02 8.542229511784967810e-01
1.559478515625000000e+03 1.560478515625000000e+03 1.559972778553559010e+03 7.162867747013135222e-03 3.662699902183826905e-01 3.511750741045799318e-02 4.259078876823759856e+03 4.083551428849569902e+02 -1.310107340878912795e-03 1.532371108703888213e-04 nan nan nan nan nan nan nan nan 4.740943065295636361e-01 -2.429221611803017336e-04 3.584582914438670942e-01
1.560198608398437500e+03 1.561198608398437500e+03 1.560701439307375722e+03 1.493681347550071851e-04 6.984438934838403668e-03 3.857108321085189620e-04 2.234540889924016665e+05 1.234009823946350116e+04 -4.200269727467118952e-04 1.462593067164617009e-05 nan nan nan nan nan nan nan nan -1.541182654165088550e+01 9.936885992570049925e-03 8.029661138719141888e-01
1.562100952148437500e+03 1.563100952148437500e+03 1.562600190571952226e+03 1.184011909580847061e-03 5.201707454662979867e-03 8.422865890200060884e-04 3.004013978470062721e+05 4.864250266618665046e+04 -1.912513770916899345e-04 1.320029238498849808e-04 1.562604346424112919e+03 1.184011909580847061e-03 5.560251159448612729e-03 8.422865890200060884e-04 2.810312522967163823e+05 3.642660089770433842e+04 -2.393513499687420617e-04 1.320029238498849808e-04 1.622766694563038214e+01 -1.031830957657252357e-02 8.887320171298975779e-01
1.563077636718750000e+03 1.564077636718750000e+03 1.563360542983906498e+03 1.477865462037043472e-03 5.335638479120262401e-02 4.848563817094705443e-03 2.930034613667590020e+04 2.662560416532341151e+03 -2.308032312500197766e-04 1.712301244110812283e-05 nan nan nan nan nan nan nan nan -4.002277186940196962e+00 2.498715049624406458e-03 4.343726582727457375e-01
1.564010375976562500e+03 1.565010375976562500e+03 1.564511132054401287e+03 1.405618125996532949e-04 6.158146797434804580e-03 4.354744180794062574e-04 2.540555111005316139e+05 1.796557949910266325e+04 -3.543737218364878842e-04 1.460257996475397316e-05 nan nan nan nan nan nan nan nan -5.944641093616597871e+00 3.861293251804526032e-03 7.208501376438882779e-01
1.565952758789062500e+03 1.566952758789062500e+03 1.566448837233528593e+03 1.672696278032843214e-04 1.069805857391933554e-02 2.885254844861614011e-04 1.464236549472962215e+05 3.949030162091992224e+03 -8.123425643049256729e-04 1.853127181188639992e-05 1.566401386736067252e+03 1.672696278032843214e-04 5.569493957287712654e-03 2.885254844861614011e-04 2.812466264886457939e+05 1.018166134600693840e+04 -4.300242075481217974e-04 1.853127181188639992e-05 1.268384051699051263e+01 -8.037457648819681597e-03 7.761126659778080361e-01
1.567856201171875000e+03 1.568856201171875000e+03 1.568354836382259464e+03 1.253347677781866797e-04 6.689227538757286894e-03 3.406992068679286830e-04 2.344597828815411776e+05 1.194162728169150978e+04 -4.173172443257495219e-04 1.309954482443475795e-05 nan nan nan nan nan nan nan nan -1.296162183790424471e+01 8.329203537778804428e-03 8.201287080617324365e-01
1.569766601562500000e+03 1.570766601562500000e+03 1.570266407982191822e+03 1.388337566389616265e-04 4.950724626005818460e-03 6.054352292349338572e-04 3.171791054048309452e+05 3.878854488909106294e+04 -2.314002704635641835e-04 1.316784897580193929e-05 1.570276413839305860e+03 1.388337566389616265e-04 5.138597549664125803e-03 6.054352292349338572e-04 3.055846266734673409e+05 2.880819333326111882e+04 -1.471635103168048866e-04 1.316784897580193929e-05 2.489599925591733509e+01 -1.579663077841035948e-02 8.791173592876067033e-01
1.570296875000000000e+03 1.571296875000000000e+03 1.570858755889275926e+03 9.689846882668929056e-04 7.128908876166254772e-03 2.778769895228294651e-03 2.203505169130516006e+05 8.589019630252713978e+04 -2.880281923019549801e-05 7.855784179810444218e-06 nan nan nan nan nan nan nan nan 5.684466684985511442e+00 -3.564110954552336154e-03 1.051494861225716893e-01
1.571705078125000000e+03 1.572705078125000000e+03 1.572205478984245019e+03 1.361953163221945999e-04 6.869073001366210809e-03 5.716163252650988688e-04 2.288817543024428887e+05 1.904660895125744719e+04 -3.477609386390826014e-04 1.443018720306988168e-05 nan nan nan nan nan nan nan nan -1.059256044371674221e+01 6.799030451272212484e-03 7.814352638101356163e-01
1.573628417968750000e+03 1.574628417968750000e+03 1.574130696856229179e+03 1.657468441886248019e-04 8.179052093959386302e-03 4.201651807489069574e-04 1.924588178156731010e+05 9.886780649573724077e+03 -4.667475479326704227e-04 1.524360934901968587e-05 nan nan nan nan nan nan nan nan 1.563344410828138820e+01 -9.873765591823274040e-03 8.065851451881098644e-01
1.575603759765625000e+03 1.576603759765625000e+03 1.576076042413501455e+03 1.204178594165658707e-03 3.846800484796122216e-02 3.271049307773729511e-03 4.097108879555089516e+04 3.483894009541685591e+03 -4.245473631463096264e-04 3.123998910488254922e-05 1.576103857005822420e+03 1.204178594165658707e-03 6.811777733279489842e-03 3.271049307773729511e-03 2.313792256176592200e+05 1.004341958476388390e+04 -5.284277082097447965e-04 3.123998910488254922e-05 -3.474569624841775450e+00 2.268694031334409812e-03 7.623316633483808724e-01
1.577516235351562500e+03 1.578516235351562500e+03 1.578015933017352154e+03 1.887273104789497034e-04 7.855238799244919010e-03 7.681453300344104167e-04 2.008870733718544943e+05 1.964427450503712316e+04 -3.364373669965328587e-04 1.630054415838394768e-05 nan nan nan nan nan nan nan nan 6.522822718454932556e+00 -4.079711151438768398e-03 6.773793799314327124e-01
1.579464599609375000e+03 1.580464599609375000e+03 1.579963399141023501e+03 1.302577530008109524e-04 7.384380192658021765e-03 5.468472100676938620e-04 2.139601913660830469e+05 1.584473316128773877e+04 -3.850542565150937425e-04 1.441561468625620016e-05 nan nan nan nan nan nan nan nan -1.986653005008667261e+00 1.319135524727436774e-03 8.006844451385820571e-01
1.581415893554687500e+03 1.582415893554687500e+03 1.581916171036438527e+03 1.793439308689080453e-04 8.779446158169031469e-03 7.404863671191164089e-04 1.801840506265317672e+05 1.519729498394620532e+04 -3.862399701330750828e-04 1.610135430855503652e-05 nan nan nan nan nan nan nan nan 6.437653526499089729e+00 -4.014636265332622439e-03 7.360842001739427154e-01
1.583364257812500000e+03 1.584364257812500000e+03 1.583864657951928848e+03 1.619024254945344453e-04 5.645072870545765793e-03 6.883818423134881181e-04 2.805747054597013048e+05 3.421435596672967222e+04 -2.696718920988115708e-04 1.547099606971531828e-05 1.583876265475895252e+03 1.619024254945344453e-04 4.129771428357931554e-03 6.883818423134881181e-04 3.835263749949647463e+05 5.519349977156311070e+04 -1.695971623129107343e-04 1.547099606971531828e-05 6.907576933146811093e+00 -4.304800166439187205e-03 7.897501703949516560e-01
1.585329589843750000e+03 1.586329589843750000e+03 1.585830052832041247e+03 3.377646221372512217e-04 1.652842630166443880e-02 9.664912405453667064e-04 9.594561659341673658e+04 5.610370661696842035e+03 -4.457406208966833766e-04 1.586255487844700425e-05 nan nan nan nan nan nan nan nan -3.339724249845166248e+00 2.159332615594344081e-03 6.412646445971736942e-01
1.587312988281250000e+03 1.588312988281250000e+03 1.587811880084817858e+03 2.120926804940115784e-04 1.184143777934224852e-02 9.035077441061307784e-04 1.340894500881307176e+05 1.023109345463906720e+04 -5.759013226255627407e-04 2.198413675383331943e-05 nan nan nan nan nan nan nan nan 8.473065522598689725e+00 -5.278607509156081276e-03 7.943813964976924602e-01
1.589273315429687500e+03 1.590273315429687500e+03 1.589769880163683865e+03 2.877984742126319154e-04 1.184805377371945731e-02 7.405851732732034957e-04 1.341798332895823405e+05 8.387166110553189355e+03 -5.856651842532445765e-04 2.312526749111287077e-05 nan nan nan nan nan nan nan nan 9.070767190617627929e-01 -5.207203233780034269e-04 6.940716859615483347e-01
1.591242675781250000e+03 1.592242675781250000e+03 1.591755659243034188e+03 2.407554953874215084e-04 4.883202975476961041e-03 7.292761506959243283e-04 3.259654917554520071e+05 4.868092935744149145e+04 -8.467627856238329781e-05 9.192196398762124366e-06 1.591739757988020529e+03 2.407554953874215084e-04 8.696847138833199015e-03 7.292761506959243283e-04 1.830249207072500139e+05 1.956167182446504739e+04 -4.057321297230931725e-04 9.192196398762124366e-06 1.180785283606434755e+00 -6.879119831235797587e-04 7.552040336552781064e-01
1.593221923828125000e+03 1.594221923828125000e+03 1.593721196637768344e+03 3.153311700884212868e-04 1.115705802879381030e-02 1.253310500627090882e-03 1.428442150721757498e+05 1.604617939980588744e+04 -4.521405626202441939e-04 2.367692726559752876e-05 1.593737537219472188e+03 3.153311700884212868e-04 4.649065115826655527e-03 1.253310500627090882e-03 3.428081770233687130e+05 5.371034153903466358e+04 -2.088426879177617804e-04 2.367692726559752876e-05 3.700118709475502143e+00 -2.268970597470899939e-03 7.658700877274833285e-01
1.595210327148437500e+03 1.596210327148437500e+03 1.595699681571747988e+03 2.620469007937262229e-03 1.011746281467518910e-02 5.971950754942623348e-03 1.577173754725557810e+05 9.309452545339374046e+04 -4.533585931451015896e-05 3.785503760355980854e-05 1.595709358865505692e+03 2.620469007937262229e-03 8.197266317486774645e-03 5.971950754942623348e-03 1.946635984561666846e+05 3.149584965861850651e+04 -3.564796760209150146e-04 3.785503760355980854e-05 6.421713676177851049e+00 -3.973940908522267425e-03 6.625863218363401419e-01
1.597210571289062500e+03 1.598210571289062500e+03 1.597688688618833567e+03 2.984320522270131381e-04 8.981043890738992300e-03 1.037579287073165215e-03 1.778956553442887089e+05 2.055227092655861634e+04 -2.909230587618521612e-04 1.752008613934190738e-05 1.597709256788772564e+03 2.984320522270131381e-04 6.924872594832705112e-03 1.037579287073165215e-03 2.307203829253079311e+05 3.287146693916219374e+04 -3.010599552087605104e-04 1.752008613934190738e-05 -3.175549391084163453e+00 2.036689354816473025e-03 7.172812647046717949e-01
1.599189941406250000e+03 1.600189941406250000e+03 1.599689873269177497e+03 2.689050517180417428e-04 9.451917708593939385e-03 1.200179473809075744e-03 1.692450064196703897e+05 2.149028260847694764e+04 -4.084220425935819010e-04 2.387294390952328138e-05 1.599709150071041904e+03 2.689050517180417428e-04 4.438953935056955298e-03 1.200179473809075744e-03 3.603797591674076393e+05 3.425246860880702297e+04 -2.264956967467581948e-04 2.387294390952328138e-05 -1.372005110617758872e+00 9.090650227315231775e-04 7.344018382445083315e-01
1.601187255859375000e+03 1.602187255859375000e+03 1.601688372495538033e+03 3.198794738126368759e-04 8.681458850659110396e-03 1.395713049749522892e-03 1.844953020049084444e+05 2.966120153946001301e+04 -3.522179588567039897e-04 2.685113047067329810e-05 1.601710532005086407e+03 3.198794738126368759e-04 7.443474381065805050e-03 1.395713049749522892e-03 2.151831859701709764e+05 3.852653283075040235e+04 -2.751142916204835889e-04 2.685113047067329810e-05 8.737050081362578879e+00 -5.407435888643764843e-03 7.077289818434786550e-01
1.601773437500000000e+03 1.602773437500000000e+03 1.602488411291961484e+03 3.386069802980431510e-03 3.359298737747747760e-02 1.033225041249505663e-02 4.770306353778928315e+04 1.467210975876724842e+04 -9.532923931290859592e-05 2.218099954248445725e-05 nan nan nan nan nan nan nan nan 6.171962793800173763e+00 -3.806337490753278641e-03 1.345289809485109567e-01
1.603203491210937500e+03 1.604203491210937500e+03 1.603705470400900822e+03 3.644323868057131478e-04 1.236996631557114694e-02 1.323812184853653600e-03 1.296450959920705645e+05 1.387439168408820115e+04 -5.307525619802909737e-04 3.098851594711589125e-05 nan nan nan nan nan nan nan nan -4.935027230499931861e+00 3.123698293870383162e-03 6.380150023022828076e-01
1.605211791992187500e+03 1.606211791992187500e+03 1.605710977473535422e+03 4.149558912155960596e-04 1.441736482843325624e-02 1.754554049504908602e-03 1.113734026003716717e+05 1.355383989137067510e+04 -6.007849570296312563e-04 3.690118088256002675e-05 nan nan nan nan nan nan nan nan -1.864445875717279238e-02 5.961268908658064761e-05 6.253361021250675167e-01
1.607237060546875000e+03 1.608237060546875000e+03 1.607734608481411215e+03 3.772554492183283399e-04 1.226119287439971818e-02 1.604066286646220127e-03 1.311238331335785624e+05 1.715422979316224882e+04 -4.882818727502713811e-04 3.217351304355043116e-05 nan nan nan nan nan nan nan nan -4.053767034842658212e+00 2.567530581262324890e-03 5.950192162847116606e-01
1.609252319335937500e+03 1.610252319335937500e+03 1.609750605458327527e+03 4.851070823441950772e-04 1.389165448578737368e-02 1.926133537799668309e-03 1.158789694276712689e+05 1.606708326709267567e+04 -5.258135519615960872e-04 3.814250200030035951e-05 nan nan nan nan nan nan nan nan 4.176204734257708218e+00 -2.552324130041598929e-03 5.665673746864189342e-01
1.611266601562500000e+03 1.612266601562500000e+03 1.611774677382403297e+03 3.121611858946170531e-03 7.862001818451968063e-03 3.932354987971926376e-03 2.050081791636830894e+05 1.025393983022671746e+05 -2.275363882186647057e-04 2.676360686435429138e-04 1.611765849624374823e+03 3.121611858946170531e-03 1.189164415895256448e-02 3.932354987971926376e-03 1.355376790694636584e+05 3.121389504592921730e+04 -3.927743036772999175e-04 2.676360686435429138e-04 -5.460530509137912603e+00 3.433549449667685181e-03 6.187382616902972199e-01
1.613293823242187500e+03 1.614293823242187500e+03 1.613794611594142452e+03 6.586553856964495659e-04 1.581363084496564125e-02 2.673919230146888388e-03 1.020508589972493937e+05 1.725573064160784998e+04 -5.728185572440589509e-04 5.016378663712122609e-05 nan nan nan nan nan nan nan nan 1.209009585950389187e+01 -7.451402560485463795e-03 5.323278863359603985e-01
1.615323120117187500e+03 1.616323120117187500e+03 1.615824180099310070e+03 6.052581875695656850e-04 1.686266131580560143e-02 2.606599350356822355e-03 9.582260770337456779e+04 1.481208347319009590e+04 -5.927123810317407862e-04 4.540825550040987436e-05 nan nan nan nan nan nan nan nan -3.968636143115562565e+00 2.497228077569043844e-03 5.461367151142135778e-01
1.617369384765625000e+03 1.618369384765625000e+03 1.617874834111690916e+03 8.186282201251058157e-04 2.189303483882705167e-02 2.354325041818732932e-03 7.389906634791482065e+04 7.946930325223343061e+03 -8.769937327092030546e-04 5.671093368018797825e-05 nan nan nan nan nan nan nan nan 7.021294012749704549e+00 -4.299276553287333796e-03 5.506582990399170319e-01
