StartWavelength[nm] EndWavelength[nm] w_r[nm] sigma(w_r)[nm] width[nm] sigma(width)[nm] Q_L[-] sigma(Q_L)[nm] Amplitude[-] sigma(Amp)[-] w_r1[nm] sigma1(w_r)[nm] width1[nm] sigma1(width)[nm] Q_L1[-] sigma1(Q_L)[nm] Amplitude1[-] sigma1(Amp)[-] b[-] c[-] R2
1.521353027343750000e+03 1.522353027343750000e+03 1.521851699398674555e+03 9.969999108033347844e-05 4.150816523977423830e-03 3.038945816997681349e-04 3.666391156071614241e+05 2.684282478607138546e+04 -2.900652062359679686e-04 1.245525823233253253e-05 nan nan nan nan nan nan nan nan 8.887251615454998088e+00 -5.764326187017342756e-03 7.044665575879973662e-01
1.521778442382812500e+03 1.522778442382812500e+03 1.522221074515986629e+03 1.326194373040569946e-03 1.895570824413746192e-02 3.929114880378097724e-03 8.030409916162180889e+04 1.664533062602171776e+04 -1.200256878816662910e-04 1.841300646274563005e-05 nan nan nan nan nan nan nan nan 1.236540531074029836e+00 -8.858638378795413281e-04 8.478503542645954294e-02
1.522843994140625000e+03 1.523843994140625000e+03 1.523345170042917744e+03 3.612384453398314178e-04 2.169063662542964482e-02 1.019246595644686046e-03 7.023054216200274823e+04 3.300144769651060869e+03 -4.474816701516393753e-04 1.434491274210952594e-05 nan nan nan nan nan nan nan nan -5.767296017775314532e+00 3.861838736230795762e-03 6.871740118806637376e-01
1.523080688476562500e+03 1.524080688476562500e+03 1.523345060095498866e+03 3.645523188487572136e-04 2.220620997286985865e-02 1.055467471263162645e-03 6.859995748741569696e+04 3.260575476291573978e+03 -4.581984240388854322e-04 1.508102041258512024e-05 nan nan nan nan nan nan nan nan -1.158865752216485356e+00 8.368062863795277823e-04 6.858533051356694443e-01
1.524571655273437500e+03 1.525571655273437500e+03 1.525298204605112687e+03 3.355307151043659757e-04 1.509444704508853922e-02 9.513394865567730008e-04 1.010502869067613356e+05 6.368774409272478806e+03 -3.632656212007738571e-04 1.514931986726403046e-05 1.525184965966791424e+03 3.355307151043659757e-04 4.832945775174127268e-02 9.513394865567730008e-04 3.155808148730657194e+04 4.439702817717723519e+03 -2.402154882751585086e-04 1.514931986726403046e-05 8.374496625698876429e+00 -5.420955439458315095e-03 6.554344190247227697e-01
1.524799316406250000e+03 1.525799316406250000e+03 1.525186597568262187e+03 2.390948646560903286e-03 5.002151520102810639e-02 7.403215736091875269e-03 3.049061171855335124e+04 4.512629727095605631e+03 -2.429850966274062229e-04 2.735472245646559892e-05 1.525298182199704115e+03 2.390948646560903286e-03 1.549152330605841309e-02 7.403215736091875269e-03 9.846018058167280105e+04 6.288642205968139933e+03 -3.708679578908515842e-04 2.735472245646559892e-05 4.852464270618822795e+00 -3.111708632065296291e-03 5.876586130260510465e-01
1.526133544921875000e+03 1.527133544921875000e+03 1.526954168127679395e+03 7.756584234706684171e-03 2.935502916967339115e-01 5.318419308191349448e-02 5.201678251797385201e+03 9.424179380074496066e+02 -1.594750479688047127e-03 4.757411579543418916e-04 nan nan nan nan nan nan nan nan -6.626078094478129010e+00 4.266824261918320156e-03 2.270444778572371369e-01
1.526625854492187500e+03 1.527625854492187500e+03 1.527125562356488444e+03 8.594563182205228278e-05 5.418122618400883495e-03 2.644180334356536479e-04 2.818551129075789941e+05 1.375523957611205697e+04 -2.626572872376684541e-04 7.028147913221251092e-06 1.526829718055875674e+03 8.594563182205228278e-05 7.023334064517322691e-04 2.644180334356536479e-04 2.173938622355430853e+06 1.994833020972916856e+07 -2.344133948819795797e-06 7.028147913221251092e-06 -8.915205425109013149e+00 5.916297512568731432e-03 8.038765131091972771e-01
1.528439453125000000e+03 1.529439453125000000e+03 1.528949889966761475e+03 1.061629303938237015e-04 4.152677659427957135e-03 3.364977254435501755e-04 3.681841008043418988e+05 2.983451224149479094e+04 -1.619897856537015439e-04 7.615877881642175405e-06 1.528939308907438090e+03 1.061629303938237015e-04 4.500039577307478680e-03 3.364977254435501755e-04 3.397613026821983512e+05 2.666884138124463789e+04 -1.886973147434721563e-04 7.615877881642175405e-06 -2.336390386105074712e-01 2.235819632035907661e-04 7.836711866954713113e-01
1.530281005859375000e+03 1.531281005859375000e+03 1.530779641221216707e+03 7.560612431611471527e-05 5.781192521428027593e-03 2.548457550060201772e-04 2.647861380757295410e+05 1.167226710111560897e+04 -2.884689982024019246e-04 6.599651254973068156e-06 nan nan nan nan nan nan nan nan 5.520439314623872384e+00 -3.531784625671070127e-03 8.510731139434192238e-01
1.531519287109375000e+03 1.532519287109375000e+03 1.531720582021049040e+03 3.166195961981844997e-03 3.607548526220791252e-02 1.009353312381424880e-02 4.245876585964193509e+04 1.187950644315287354e+04 -5.321818491458953825e-05 1.178256830209681170e-05 1.531801133739003944e+03 3.166195961981844997e-03 3.688434835521971471e-03 1.009353312381424880e-02 4.152984130251632887e+05 1.752810651298117009e+05 -1.013679770538509730e-05 1.178256830209681170e-05 -1.591375602328662486e+00 1.109050396762477136e-03 1.249916920597987646e-01
1.532122436523437500e+03 1.533122436523437500e+03 1.532603945334553146e+03 4.445878393737683846e-04 1.445921102180115422e-02 1.354208082725570075e-03 1.059949912221171689e+05 9.927185765923280997e+03 -1.376719520922741239e-04 9.920900358118904777e-06 1.532620743682927696e+03 4.445878393737683846e-04 4.351760166824551225e-03 1.354208082725570075e-03 3.521841013589841896e+05 1.922017279693526143e+04 -2.881988815082226255e-04 9.920900358118904777e-06 -1.099534016916774348e+01 7.246358649135793348e-03 8.676407569464098524e-01
1.533957031250000000e+03 1.534957031250000000e+03 1.534456341450230184e+03 6.587053003238375112e-05 4.407468562802389217e-03 2.490621512315258730e-04 3.481491290489388630e+05 1.967359943577289596e+04 -2.902424176298930335e-04 8.838177684610491668e-06 nan nan nan nan nan nan nan nan 1.790333089022978541e+01 -1.159329085446912135e-02 8.925476645816389221e-01
1.535810424804687500e+03 1.536810424804687500e+03 1.536309953558911047e+03 9.828127653020035269e-05 7.117768361452599633e-03 3.155586275997371705e-04 2.158415216037431965e+05 9.569102403676290123e+03 -3.062963262815921947e-04 7.245805268263247877e-06 nan nan nan nan nan nan nan nan -6.162953917309877738e+00 4.078678285458557477e-03 8.367654359190728197e-01
1.537662963867187500e+03 1.538662963867187500e+03 1.538162008593776818e+03 7.889486681862963144e-05 3.009983251793426750e-03 2.048913518825904898e-04 5.110201220147320419e+05 3.478544393110804231e+04 -1.904320029311626459e-04 8.339081027173834260e-06 1.538152328149483765e+03 7.889486681862963144e-05 5.907865752946845489e-03 2.048913518825904898e-04 2.603566825096275716e+05 1.553647663319848107e+04 -1.934241341590928892e-04 8.339081027173834260e-06 3.345084223608894458e+00 -2.102695825495139604e-03 8.494687077420017829e-01
1.539496459960937500e+03 1.540496459960937500e+03 1.540059706020053909e+03 3.709574162558853302e-04 2.038139729503092232e-02 1.075126871960371128e-03 7.556202765330164402e+04 3.985927228381470286e+03 -2.163075580336991930e-04 8.099329946404457069e-06 1.539996028093298946e+03 3.709574162558853302e-04 1.389095567922223051e-02 1.075126871960371128e-03 1.108632165889629396e+05 4.152170872542232246e+03 -2.778205343267270899e-04 8.099329946404457069e-06 -3.026252972046247880e+00 2.037232068781061074e-03 8.369160460570961302e-01
1.541369995117187500e+03 1.542369995117187500e+03 1.541870288962565610e+03 9.870248774324400474e-05 7.317993904731140767e-03 3.700179707823194860e-04 2.106957602090559667e+05 1.065335919378847757e+04 -3.584862486152558606e-04 9.082691758184526388e-06 nan nan nan nan nan nan nan nan 1.298683419196463440e+01 -8.355648242714133755e-03 8.756264737839781764e-01
1.543238403320312500e+03 1.544238403320312500e+03 1.543736822238328386e+03 7.800288353197366051e-05 5.490970070233273589e-03 1.541359511527606798e-04 2.811410010422340129e+05 7.891854271555564083e+03 -4.054330085596537106e-04 8.136794756224008661e-06 nan nan nan nan nan nan nan nan -1.023359837849018561e+01 6.700514785544881176e-03 8.813131418259356753e-01
1.545109863281250000e+03 1.546109863281250000e+03 1.545594110859304465e+03 8.066151042153776483e-05 4.433934941496821096e-03 2.414142227063589049e-04 3.485829474840102484e+05 1.897927741970294664e+04 -1.529152820669323065e-04 4.925619258854333616e-06 1.545610121415867525e+03 8.066151042153776483e-05 4.634634825392831663e-03 2.414142227063589049e-04 3.334912414129330427e+05 2.357521773687144014e+04 -2.521764983886733819e-04 4.925619258854333616e-06 1.295822083196681795e+01 -8.315378331413309995e-03 9.003945287652490581e-01
1.546966430664062500e+03 1.547966430664062500e+03 1.547480856904415759e+03 6.629163353357749294e-05 3.549055915106590943e-03 2.080264446933604129e-04 4.360260570473258849e+05 2.555748700806805573e+04 -1.374072850119112692e-04 4.454109159560305656e-06 1.547465411742952256e+03 6.629163353357749294e-05 4.740321453672396122e-03 2.080264446933604129e-04 3.264473573926317040e+05 2.179093189920999430e+04 -2.609976213913352597e-04 4.454109159560305656e-06 1.625142166795101151e+00 -9.834087485037367078e-04 8.913188445910376068e-01
1.548846923828125000e+03 1.549846923828125000e+03 1.549347380993879824e+03 3.705207473353329915e-04 5.960534716416442634e-03 6.049861653657740909e-04 2.599342936006535601e+05 2.638297720166657746e+04 -2.774567587225755245e-04 4.025699689695811273e-05 1.549351313073631445e+03 3.705207473353329915e-04 4.357048862375303630e-03 6.049861653657740909e-04 3.555964970815089182e+05 2.802002145643257609e+04 -2.973146965490806957e-04 4.025699689695811273e-05 -1.559064785457476177e+00 1.070977604644959185e-03 8.245292950866451864e-01
1.550733276367187500e+03 1.551733276367187500e+03 1.551231901467664557e+03 8.276369067388882940e-05 6.969477867256798458e-03 2.805328677667075611e-04 2.225750523945967725e+05 8.959009402265688550e+03 -3.303812181304090060e-04 6.904269920835481381e-06 nan nan nan nan nan nan nan nan 3.917176900628483782e+00 -2.456066106038064419e-03 8.740447920192476738e-01
1.552614746093750000e+03 1.553614746093750000e+03 1.553113767881226067e+03 9.866056746231702517e-05 5.834351422576448433e-03 3.438978176842921470e-04 2.662016144367545494e+05 1.569088792194516827e+04 -3.240999075662717569e-04 1.063124586373440127e-05 nan nan nan nan nan nan nan nan 2.519356104515019013e+00 -1.560386626359972764e-03 8.196050276659107015e-01
1.554498291015625000e+03 1.555498291015625000e+03 1.554998942160675824e+03 8.570874698416450568e-05 5.254982126811151046e-03 3.513461831447003535e-04 2.959094635597336455e+05 1.978439851349846504e+04 -2.860680127693756712e-04 9.919513665851227007e-06 nan nan nan nan nan nan nan nan -2.519467221673349355e-01 2.260085772860594589e-04 8.265066336610439324e-01
1.556380737304687500e+03 1.557380737304687500e+03 1.556880421935971754e+03 9.852448665059248482e-05 6.522720273853416587e-03 3.307128918838062167e-04 2.386857563364764792e+05 1.210176941758350040e+04 -2.796743266855894342e-04 7.389614885253824479e-06 1.557018386266169955e+03 9.852448665059248482e-05 1.897775100799251741e-02 3.307128918838062167e-04 8.204441008897358552e+04 5.662992416113898798e+03 -1.640850233390363905e-04 7.389614885253824479e-06 -8.493410612401751436e+00 5.518454220983470999e-03 8.444940375052558679e-01
1.558299072265625000e+03 1.559299072265625000e+03 1.558800756362529910e+03 1.300452846598717843e-04 8.412368107123089842e-03 4.937985264487165880e-04 1.852986859957579290e+05 1.087686807478196351e+04 -3.894982050662941899e-04 1.140965932010866165e-05 nan nan nan nan nan nan nan nan 1.614967333737843802e+01 -1.029831338702659645e-02 8.546468756720597693e-01
1.559478515625000000e+03 1.560478515625000000e+03 1.560143001474953280e+03 1.135018697495508190e-03 4.070671910841016858e-03 3.273309692984556745e-03 3.832642462095702649e+05 3.081905394418106880e+05 -9.026090636735231571e-06 5.226592957586150860e-06 nan nan nan nan nan nan nan nan -3.985444489779074728e-01 1.996254540061137236e-04 6.355653420552331845e-03
1.560198608398437500e+03 1.561198608398437500e+03 1.560701442293027412e+03 1.496602406915088519e-04 6.999352766111513989e-03 3.952943148685825149e-04 2.229779658841333294e+05 1.259286754081590698e+04 -3.966228577226807613e-04 1.398599143421523156e-05 nan nan nan nan nan nan nan nan -1.448251156190922551e+01 9.338173787814520177e-03 8.025068623670779111e-01
1.562100952148437500e+03 1.563100952148437500e+03 1.562602488172166431e+03 1.034727584110628479e-04 6.854634346952608211e-03 2.586320667695822810e-04 2.279629239256005967e+05 8.601264367663516168e+03 -4.272535871795933560e-04 1.030392366864622052e-05 nan nan nan nan nan nan nan nan 1.539288625035032076e+01 -9.787654994644505446e-03 8.852966773560686509e-01
1.564010375976562500e+03 1.565010375976562500e+03 1.564511127859287171e+03 1.408574211003962894e-04 6.182569593812149364e-03 4.439592607123876147e-04 2.530519234955534921e+05 1.817120586713049124e+04 -3.346390287498076212e-04 1.390298859945602767e-05 nan nan nan nan nan nan nan nan -5.480001477868687410e+00 3.560882245238980188e-03 7.203608041059255118e-01
1.565952758789062500e+03 1.566952758789062500e+03 1.566448836142139498e+03 1.672821051375159777e-04 1.069840550578610855e-02 2.886189820469155015e-04 1.464189065646225354e+05 3.950053654498274682e+03 -7.657998927840265618e-04 1.747088615831400598e-05 1.566401386639065322e+03 1.672821051375159777e-04 5.569925926743084059e-03 2.886189820469155015e-04 2.812248146996437572e+05 1.018233515904225351e+04 -4.054177171452517502e-04 1.747088615831400598e-05 1.213917742266974642e+01 -7.693177423478655616e-03 7.765700779279285371e-01
1.567856201171875000e+03 1.568856201171875000e+03 1.568354839922521478e+03 1.252456751080835429e-04 6.680202119483316138e-03 3.384862161251695032e-04 2.347765549410991080e+05 1.189614120884726071e+04 -3.925905425686926180e-04 1.229004848939413469e-05 nan nan nan nan nan nan nan nan -1.202673249486061913e+01 7.729271953961790002e-03 8.193773834574804571e-01
1.569766601562500000e+03 1.570766601562500000e+03 1.570266408255202577e+03 1.387020944481179069e-04 4.946627221143883035e-03 6.043470521033939523e-04 3.174418321929029771e+05 3.878299837920030404e+04 -2.173520160107828708e-04 1.236772373647172017e-05 1.570276414210192343e+03 1.387020944481179069e-04 5.128054345552417355e-03 6.043470521033939523e-04 3.062129042318164138e+05 2.887414746560622370e+04 -1.380929759897462749e-04 1.236772373647172017e-05 2.352471735640535044e+01 -1.492690488488429730e-02 8.798029683318849825e-01
1.570296875000000000e+03 1.571296875000000000e+03 1.570796720509913712e+03 3.992491196979655816e-04 2.425770250273055588e-03 1.001929850706695987e-03 6.475455457222701516e+05 2.674594644230597187e+05 -1.441684201105162730e-05 4.325051694075459410e-06 nan nan nan nan nan nan nan nan 5.590909677838228120e+00 -3.507961650658311063e-03 1.048819515920924594e-01
1.571705078125000000e+03 1.572705078125000000e+03 1.572406582142859861e+03 1.757632725513486732e-02 1.121022066612801099e-01 6.573922041490588841e-02 1.402654442738963553e+04 8.225476762694632271e+03 -1.376696491879946882e-04 7.446176801578514165e-05 nan nan nan nan nan nan nan nan 8.579530950323308147e+00 -5.513986830419253561e-03 1.219815329184644748e-01
1.573628417968750000e+03 1.574628417968750000e+03 1.574127447361300028e+03 1.328442546757515339e-03 5.065754217549365244e-03 9.883791904779679841e-04 3.107390093873934238e+05 6.062828107355124666e+04 -1.571471103861461381e-04 8.926303024167625815e-05 1.574132936637579860e+03 1.328442546757515339e-03 5.375179860800913950e-03 9.883791904779679841e-04 2.928521421426502056e+05 2.644859578375879209e+04 -3.072976158621460526e-04 8.926303024167625815e-05 1.488301099798968963e+01 -9.400867659638436138e-03 8.163568572839905446e-01
1.575603759765625000e+03 1.576603759765625000e+03 1.576098841130738265e+03 1.841402044396977372e-04 1.192689005475574930e-02 3.152964187608457811e-04 1.321466730970896897e+05 3.493397909077376426e+03 -9.256516504655074029e-04 2.093775845569000347e-05 nan nan nan nan nan nan nan nan -3.851413292136721012e+00 2.503189204765274463e-03 6.496763146395890809e-01
1.577516235351562500e+03 1.578516235351562500e+03 1.578015933145797817e+03 1.889905839088796538e-04 7.876995633633178395e-03 7.663786977560329249e-04 2.003322086923583993e+05 1.949097655466663855e+04 -3.127908860752609261e-04 1.507996139435223269e-05 nan nan nan nan nan nan nan nan 6.213347632236746243e+00 -3.887367970963514531e-03 6.781389697317543597e-01
1.579464599609375000e+03 1.580464599609375000e+03 1.579963397943798554e+03 1.302797116303649506e-04 7.386469952979132780e-03 5.470627043747590011e-04 2.138996581589779526e+05 1.584200926860388063e+04 -3.571581685501470905e-04 1.336917944901350523e-05 nan nan nan nan nan nan nan nan -1.608722738864027502e+00 1.075474894783870570e-03 8.005166623700977757e-01
1.581415893554687500e+03 1.582415893554687500e+03 1.581916170966047730e+03 1.793358157438655262e-04 8.778391269345372366e-03 7.406387760596279705e-04 1.802057031212753500e+05 1.520407638526000119e+04 -3.575771666669618431e-04 1.491363463010510607e-05 nan nan nan nan nan nan nan nan 6.076789749008078445e+00 -3.790594232625088891e-03 7.366369421072318513e-01
1.582070068359375000e+03 1.583070068359375000e+03 1.582570110089296350e+03 8.787232148608041526e-04 9.359151465601761588e-03 2.508953348355254763e-03 1.690933324357244419e+05 4.532967375934987649e+04 -3.940810859393518095e-05 7.434505747046395723e-06 nan nan nan nan nan nan nan nan -4.679666193402631791e+00 3.007384721292255189e-03 1.313142247039401633e-01
1.583364257812500000e+03 1.584364257812500000e+03 1.583864656674745220e+03 1.628281813033222701e-04 5.681485870161883528e-03 7.058229626610575775e-04 2.787764843335984624e+05 3.463299013485626347e+04 -2.480175367723104181e-04 1.429511666129816822e-05 1.583876261845723093e+03 1.628281813033222701e-04 4.203308531590926010e-03 7.058229626610575775e-04 3.768165600839764811e+05 5.280721662879097130e+04 -1.567037453236362848e-04 1.429511666129816822e-05 6.493399116946699579e+00 -4.047596229753622037e-03 7.901108979264566123e-01
1.585329589843750000e+03 1.586329589843750000e+03 1.585830052729581894e+03 3.377457594091757610e-04 1.652848167017130845e-02 9.664592051108167022e-04 9.594529518047047895e+04 5.610147112435537565e+03 -4.110402735970579272e-04 1.462928681185469729e-05 nan nan nan nan nan nan nan nan -2.966799738788963303e+00 1.920018511750865541e-03 6.409988494490306277e-01
1.587312988281250000e+03 1.588312988281250000e+03 1.587826979380069815e+03 2.769847572846012140e-03 1.533211484415373735e-02 7.177505112736100659e-03 1.035621631796947768e+05 4.848111061448665714e+04 -4.819463666117796677e-05 2.621401828944712565e-05 1.587811341770563104e+03 2.769847572846012140e-03 1.044337222194866542e-02 7.177505112736100659e-03 1.520400985453229223e+05 1.537273640235659332e+04 -4.866389198526396538e-04 2.621401828944712565e-05 7.970634989492904054e+00 -4.966750691643573822e-03 7.982557406363162134e-01
1.589273315429687500e+03 1.590273315429687500e+03 1.589772555694117273e+03 6.415938563632704247e-04 1.038559774808202329e-02 1.405860973816620320e-03 1.530747285092676466e+05 2.072117485288249009e+04 -3.678117590675211387e-04 4.382559274756707521e-05 1.589763722533015653e+03 6.415938563632704247e-04 3.642350550895645869e-03 1.405860973816620320e-03 4.364664247218314558e+05 7.741147714907217596e+04 -1.562028482098801608e-04 4.382559274756707521e-05 9.710305369051279722e-01 -5.650225906586260529e-04 7.014412287047819827e-01
1.591242675781250000e+03 1.592242675781250000e+03 1.591755658610115233e+03 2.397189132755282118e-04 4.861017836396387508e-03 7.258341046421115618e-04 3.274531614946983173e+05 4.889442505359135248e+04 -7.763202708866879663e-05 8.414281499307228136e-06 1.591739761158554302e+03 2.397189132755282118e-04 8.684681130173316221e-03 7.258341046421115618e-04 1.832813130730096018e+05 1.946094699379463418e+04 -3.733528748852907048e-04 8.414281499307228136e-06 1.149518405045579783e+00 -6.726651743352644571e-04 7.552380206579786259e-01
1.593221923828125000e+03 1.594221923828125000e+03 1.593737536398192560e+03 2.190214277098917440e-04 4.646011369274082904e-03 7.224493845117886280e-04 3.430334990004999563e+05 5.334131161600119958e+04 -1.919019607940099356e-04 1.716551562902392367e-05 1.593721196635237902e+03 2.190214277098917440e-04 1.114815127785163604e-02 7.224493845117886280e-04 1.429583396308526280e+05 1.606180237839444635e+04 -4.145664720461913620e-04 1.716551562902392367e-05 3.381483211937609479e+00 -2.073374260144779640e-03 7.659025903255456402e-01
1.595210327148437500e+03 1.596210327148437500e+03 1.595708790124717780e+03 2.468161579275649766e-04 9.365861822251311808e-03 1.028348635898777320e-03 1.703750087721399323e+05 1.870675771085969609e+04 -3.742316168140502369e-04 2.095925910353400154e-05 nan nan nan nan nan nan nan nan 5.875595331845586244e+00 -3.635861897843819905e-03 6.592935454244657212e-01
