StartWavelength[nm] EndWavelength[nm] w_r[nm] sigma(w_r)[nm] width[nm] sigma(width)[nm] Q_L[-] sigma(Q_L)[nm] Amplitude[-] sigma(Amp)[-] w_r1[nm] sigma1(w_r)[nm] width1[nm] sigma1(width)[nm] Q_L1[-] sigma1(Q_L)[nm] Amplitude1[-] sigma1(Amp)[-] b[-] c[-] R2
1.521256103515625000e+03 1.522256103515625000e+03 1.521827044935667573e+03 2.372418116940831420e-03 1.588861915391713911e-02 6.897218211442446116e-03 9.578095051516671083e+04 4.157832155249737116e+04 -2.845295464275469338e-05 9.018828832245328196e-06 nan nan nan nan nan nan nan nan 8.808414697767412704e-01 -6.558482395679945650e-04 2.640363451248284310e-02
1.522894897460937500e+03 1.523894897460937500e+03 1.523393985483940241e+03 6.127362328375134668e-05 4.725245244984181692e-03 1.710779502334635856e-04 3.223946920217555598e+05 1.167233026387594145e+04 -1.789287300687532193e-04 3.894792812996884233e-06 nan nan nan nan nan nan nan nan 6.379684490989599333e+00 -4.112972675584043031e-03 8.399808987164796292e-01
1.523775756835937500e+03 1.524775756835937500e+03 1.524246273819361932e+03 2.633938202751343743e-02 8.116960682867168098e-01 2.048400238432583342e-01 1.877853464335064018e+03 4.738960361385588840e+02 -1.203401188305830774e-03 5.747799008486759089e-04 nan nan nan nan nan nan nan nan 1.909968559525121012e+00 -1.178690627307982285e-03 1.662615775824858311e-01
1.524763427734375000e+03 1.525763427734375000e+03 1.525270596590177774e+03 5.582265052175620858e-05 2.513224606456346613e-03 1.654545659817384373e-04 6.068978445745895151e+05 3.995425606266875548e+04 -6.340725959537815053e-05 2.847481551446891135e-06 1.525263925689775988e+03 5.582265052175620858e-05 3.095741252406867920e-03 1.654545659817384373e-04 4.926974838429788942e+05 2.621818182957530007e+04 -9.194689445046636076e-05 2.847481551446891135e-06 -9.341326054953215774e+00 6.199368919198341814e-03 8.520001806296710889e-01
1.526587890625000000e+03 1.527587890625000000e+03 1.527087485790306346e+03 4.647538849941433174e-05 3.200899738631709287e-03 1.309381870482433888e-04 4.770806993295864668e+05 1.951578835538432759e+04 -1.339679916835548269e-04 3.218410499434499144e-06 nan nan nan nan nan nan nan nan 2.357052362130247936e+00 -1.466180344303164408e-03 8.004417226111969486e-01
1.528412475585937500e+03 1.529412475585937500e+03 1.528912219701946242e+03 3.900961971533349176e-05 2.660118431741663632e-03 1.301619495480453657e-04 5.747534400943642249e+05 2.812319458391826629e+04 -1.381617352263084990e-04 3.516320351518383244e-06 nan nan nan nan nan nan nan nan 3.368973269971007767e+00 -2.126111517459013112e-03 8.243009487876613584e-01
1.530255004882812500e+03 1.531255004882812500e+03 1.530752312132531188e+03 3.104618764805161844e-05 3.600844763005995805e-03 7.505050239842725739e-05 4.251092209969792166e+05 8.860326592754399826e+03 -3.832609587932264130e-04 6.790386491115985540e-06 1.530908090441209424e+03 3.104618764805161844e-05 2.929821234543424774e-02 7.505050239842725739e-05 5.225261092353922868e+04 7.630410001713497877e+03 -1.002491420207234644e-04 6.790386491115985540e-06 -9.395463768026205420e-01 6.852280361907043702e-04 6.686515979908456142e-01
1.532085449218750000e+03 1.533085449218750000e+03 1.532584946999699696e+03 3.561386379651460812e-05 2.340359088200579408e-03 1.018323901448247416e-04 6.548503410124344518e+05 2.849348023073288641e+04 -1.935565542832894342e-04 5.039487461733803202e-06 nan nan nan nan nan nan nan nan -3.299876968224120244e+00 2.231689190574494362e-03 8.349691064569517707e-01
1.533929077148437500e+03 1.534929077148437500e+03 1.534429015144621417e+03 4.070581405242747436e-05 2.639257980439053183e-03 1.693823979126991678e-04 5.813865209528936539e+05 3.731224600360939075e+04 -1.434335182973291753e-04 4.363907758010445007e-06 nan nan nan nan nan nan nan nan 2.823334957312199300e+00 -1.767066370974555625e-03 8.040698222207336432e-01
1.535769531250000000e+03 1.536769531250000000e+03 1.536268864395655555e+03 4.235542208089155625e-05 2.765313597696878681e-03 1.326423729756276860e-04 5.555496004775565816e+05 2.664776153214239457e+04 -1.310494936825081478e-04 3.394124053929710714e-06 nan nan nan nan nan nan nan nan 4.275347794919687416e+00 -2.709183511932879325e-03 8.105757241613686936e-01
1.537612060546875000e+03 1.538612060546875000e+03 1.538112419433472724e+03 4.597684862779375064e-05 3.070931413009398651e-03 1.656528692015042756e-04 5.008618599938641419e+05 2.701760248702257013e+04 -1.616185527465523425e-04 4.419263539554284981e-06 nan nan nan nan nan nan nan nan -6.970175277688986704e+00 4.605184419905677083e-03 8.399835177031077516e-01
1.539494506835937500e+03 1.540494506835937500e+03 1.539994481335128739e+03 6.258080219472576735e-05 2.819922085315809852e-03 1.929690544821170077e-04 5.461124225220077205e+05 3.737081898957031808e+04 -7.982357744565139236e-05 3.917873026966268493e-06 1.539988246713657418e+03 6.258080219472576735e-05 4.132789781735826673e-03 1.929690544821170077e-04 3.726268036955032148e+05 2.312208159085349325e+04 -9.820416515326677812e-05 3.917873026966268493e-06 1.245951933379225629e+01 -8.016840713999062035e-03 8.652299509496054197e-01
1.541339965820312500e+03 1.542339965820312500e+03 1.541840675820443039e+03 5.491491535023495678e-05 3.006316990714681930e-03 1.722259490838376960e-04 5.128669666514130076e+05 2.938113324646695037e+04 -1.060566242479714323e-04 3.665675380731619582e-06 1.541847160832291365e+03 5.491491535023495678e-05 2.857172112680318472e-03 1.722259490838376960e-04 5.396409806708779652e+05 4.745271312633522757e+04 -4.913240419904484318e-05 3.665675380731619582e-06 -5.541652570218444041e+00 3.664502193343229918e-03 8.041196693149267327e-01
1.543203491210937500e+03 1.544203491210937500e+03 1.543703384080591604e+03 5.099240014173017741e-05 3.028784796292269613e-03 1.993408461636203446e-04 5.096774739394948701e+05 3.354465429502379993e+04 -1.676620866754336575e-04 5.537263042832551956e-06 nan nan nan nan nan nan nan nan 5.904808765723948305e+00 -3.754396848951289598e-03 8.109153636982056046e-01
1.545066040039062500e+03 1.546066040039062500e+03 1.545571356780591941e+03 1.375290103647296678e-04 3.557189547709438664e-03 4.434975582073106149e-04 4.344922687001099112e+05 5.417092838153209595e+04 -4.118040364457884340e-05 3.872901606351346633e-06 1.545565585608490892e+03 1.375290103647296678e-04 2.535479135715316794e-03 4.434975582073106149e-04 6.095753515922549414e+05 3.926791305071414536e+04 -1.171889758218927220e-04 3.872901606351346633e-06 -2.344035052373194095e+00 1.587853730959734545e-03 7.991252773073205251e-01
1.546922485351562500e+03 1.547922485351562500e+03 1.547422540706748123e+03 6.718746158377942375e-05 3.923400538016521590e-03 2.177553527223233590e-04 3.944085049978223396e+05 2.189033780525766269e+04 -1.644438710629177701e-04 4.939090727299342074e-06 1.547436714447599343e+03 6.718746158377942375e-05 6.385880198456681672e-03 2.177553527223233590e-04 2.423216011508607189e+05 3.442608921718913189e+04 -4.425091100791566203e-05 4.939090727299342074e-06 6.387097953204587064e+00 -4.060393123382021428e-03 8.002319183893140675e-01
1.548818969726562500e+03 1.549818969726562500e+03 1.549318272266790700e+03 6.832623000160274751e-05 3.874981695845818898e-03 1.960072804942226249e-04 3.998259589013646473e+05 2.022430169394000040e+04 -1.291871296386772701e-04 3.867897156220216826e-06 nan nan nan nan nan nan nan nan -4.474401268860995984e+00 2.955632204688701456e-03 7.218822947367217191e-01
1.550700439453125000e+03 1.551700439453125000e+03 1.551200591071665258e+03 5.542959375746412201e-05 3.666144523154999876e-03 1.711985043935945283e-04 4.231149594006560510e+05 1.975826315042066562e+04 -1.521342506985227363e-04 3.877254325596718127e-06 1.551106341016386068e+03 5.542959375746412201e-05 2.116960214610568228e-03 1.711985043935945283e-04 7.327045309170935070e+05 2.679128811938662548e+05 -6.894679184732930104e-06 3.877254325596718127e-06 4.173096856894731310e+00 -2.622135655002526874e-03 8.005932774669552998e-01
1.552586791992187500e+03 1.553586791992187500e+03 1.553086765225583349e+03 6.070342242693992237e-05 2.932743022031270713e-03 2.525001047435501624e-04 5.295679688123125816e+05 4.559416443563395296e+04 -1.464938078079830572e-04 5.989821073070603920e-06 1.553078507008583756e+03 6.070342242693992237e-05 3.263210559092654447e-03 2.525001047435501624e-04 4.759357322747882572e+05 5.606381715156589780e+04 -4.210509783367368886e-05 5.989821073070603920e-06 7.184490307603673465e+00 -4.564174616510150058e-03 7.931274820499413236e-01
1.554470336914062500e+03 1.555470336914062500e+03 1.554961925569080904e+03 2.948552808595784414e-04 6.420763987589119329e-03 8.878471544738607713e-04 2.421770880497572944e+05 3.348764086634486739e+04 -6.081937585961585962e-05 6.692622426133783689e-06 1.554970118019379697e+03 2.948552808595784414e-04 3.298594945695198545e-03 8.878471544738607713e-04 4.714037775534335524e+05 4.010418505109893158e+04 -9.668309204637548157e-05 6.692622426133783689e-06 -4.364779801513837043e+00 2.870183300685304889e-03 6.669922024203072120e-01
1.556385742187500000e+03 1.557385742187500000e+03 1.556885556823615389e+03 2.185651001332657932e-04 9.648129673436360576e-03 6.045410395185982439e-04 1.613665663211491192e+05 1.011104898560447691e+04 -1.975795936468127787e-04 8.166240031724173254e-06 nan nan nan nan nan nan nan nan 4.387925988058405835e+00 -2.755631499548054971e-03 5.659415945257539882e-01
1.558269165039062500e+03 1.559269165039062500e+03 1.558769303747136746e+03 7.931492504290462797e-05 3.326519604396727982e-03 2.665345871633578311e-04 4.685886419207871077e+05 3.754527105709653551e+04 -1.379107125829703449e-04 5.743797668929543670e-06 nan nan nan nan nan nan nan nan 6.628468534505439713e+00 -4.192401167120269126e-03 6.728182369177764244e-01
1.560162597656250000e+03 1.561162597656250000e+03 1.560662277821075577e+03 6.121740944584537242e-05 2.260692828755657326e-03 1.793348915884715510e-04 6.903468963008582359e+05 5.476342660613110638e+04 -7.324638477802463787e-05 3.383238216569089031e-06 1.560673278644640277e+03 6.121740944584537242e-05 3.330512657451315060e-03 1.793348915884715510e-04 4.685985129505408695e+05 3.247816293401738221e+04 -8.560617805104987635e-05 3.383238216569089031e-06 -5.820552172269518820e+00 3.788142072674440669e-03 7.416620905575967981e-01
1.562062988281250000e+03 1.563062988281250000e+03 1.562563535611923953e+03 9.071002949372487627e-05 4.004518010324126416e-03 2.989728780379244280e-04 3.902001518243764294e+05 2.913191103175029639e+04 -1.597733576084197000e-04 6.253021543139784157e-06 nan nan nan nan nan nan nan nan 7.645640619000966254e+00 -4.833322995149754407e-03 6.828680498321852976e-01
1.563981445312500000e+03 1.564981445312500000e+03 1.564484121723749013e+03 5.943075251584774282e-05 3.539333971152840846e-03 1.232146622039584599e-04 4.420278319240275887e+05 1.538829351488392058e+04 -2.761672605584518901e-04 7.867694499705599328e-06 1.564592089063489539e+03 5.943075251584774282e-05 2.703697564500898848e-02 1.232146622039584599e-04 5.786860592716894462e+04 1.378251074493492888e+04 -6.955190906550105638e-05 7.867694499705599328e-06 -4.205009277217793162e+00 2.743362101544449556e-03 5.941188866986981676e-01
1.565888916015625000e+03 1.566888916015625000e+03 1.566392097299418992e+03 5.506629517889046968e-05 4.397575865007476159e-03 1.236486753210720322e-04 3.561944456179963890e+05 1.001528403588972105e+04 -3.641800299264155933e-04 8.913896243980393556e-06 nan nan nan nan nan nan nan nan 4.957175955049546445e+00 -3.110788467240981764e-03 5.489402836939105690e-01
1.567816284179687500e+03 1.568816284179687500e+03 1.568316518290155955e+03 9.498330041682037574e-05 3.733831897983052022e-03 4.139300530438943257e-04 4.200286893304789555e+05 4.656409351167251589e+04 -1.770426322705195539e-04 9.279577444933100787e-06 1.568306904221254172e+03 9.498330041682037574e-05 3.177745552201092626e-03 4.139300530438943257e-04 4.935281565054675448e+05 2.129531825706885429e+05 -1.297598039230122351e-05 9.279577444933100787e-06 -4.174071125047354336e+00 2.717750065803672087e-03 6.951532931201865884e-01
1.569734619140625000e+03 1.570734619140625000e+03 1.570234836866786281e+03 9.555486511932575946e-05 3.413912728164605719e-03 3.407314133510799142e-04 4.599516630616913899e+05 4.590626436794563051e+04 -1.612050992213763263e-04 8.836056233581703198e-06 nan nan nan nan nan nan nan nan 1.050869424320353041e+01 -6.639679559300648223e-03 7.026043225335781850e-01
1.571667114257812500e+03 1.572667114257812500e+03 1.572161685820849925e+03 1.663639412309967541e-04 3.071994127462089261e-03 4.936662506050292680e-04 5.117723604242962901e+05 8.224128427703857596e+04 -5.593702220244830468e-05 7.032039167038854312e-06 1.572167201116410524e+03 1.663639412309967541e-04 3.123332832237702729e-03 4.936662506050292680e-04 5.033620448289002525e+05 7.808500715851593122e+04 -1.117371236752068259e-04 7.032039167038854312e-06 5.723338006435954028e-01 -3.137644263312759597e-04 6.013535811875825310e-01
1.573587524414062500e+03 1.574587524414062500e+03 1.574088908348777977e+03 6.167764877047069469e-05 3.075063107785532945e-03 1.440986451306634645e-04 5.118883265723732766e+05 2.398728472614222846e+04 -2.134801372059877238e-04 8.051584227504466332e-06 nan nan nan nan nan nan nan nan -9.940624722683869541e-01 6.806478268775240700e-04 3.643398003610240909e-01
1.575532836914062500e+03 1.576532836914062500e+03 1.576032764869174343e+03 1.331706234808356182e-04 4.738799889620739191e-03 5.562413128278511504e-04 3.325805692536447314e+05 3.903837612301773333e+04 -1.942513539468245344e-04 1.147950317162440698e-05 nan nan nan nan nan nan nan nan 1.246985206603903684e+01 -7.862234109551956979e-03 7.049272400593268317e-01
1.577481201171875000e+03 1.578481201171875000e+03 1.577981490515392125e+03 1.798622344552715019e-04 5.670312183932001843e-03 7.045280993703540145e-04 2.782882916018147953e+05 3.457691830705790198e+04 -1.943735882774865560e-04 1.195479392996718688e-05 nan nan nan nan nan nan nan nan -4.590403851563192639e+00 2.953720265590288000e-03 5.550276362064527902e-01
1.579424560546875000e+03 1.580424560546875000e+03 1.579923380605231387e+03 1.485663491812938650e-04 5.237507341149942250e-03 4.514465156046623597e-04 3.016555925739943632e+05 2.600117905522030196e+04 -2.391216547710070430e-04 1.216462651520098833e-05 nan nan nan nan nan nan nan nan 6.632692078779135691e+00 -4.149703358647256236e-03 6.691607869341673620e-01
1.581378906250000000e+03 1.582378906250000000e+03 1.581878959907609442e+03 1.387882288109755242e-04 3.952447804591738278e-03 5.015002155481695836e-04 4.002276660225262749e+05 5.078226726878134650e+04 -1.291649446175383768e-04 8.142529920675761697e-06 1.581870836573915312e+03 1.387882288109755242e-04 2.579419911613050134e-03 5.015002155481695836e-04 6.132661182663687505e+05 9.447291594338904542e+04 -5.894841183165107595e-05 8.142529920675761697e-06 -1.730265707830089150e+00 1.141698369793198685e-03 5.780980473625505489e-01
1.583333374023437500e+03 1.584333374023437500e+03 1.583832199966459939e+03 1.915362135282860261e-04 5.399201984556989929e-03 7.953033421712121798e-04 2.933456100543374778e+05 4.320985670749800192e+04 -2.011864021461797272e-04 1.508635146867877559e-05 nan nan nan nan nan nan nan nan 1.107099375741981007e+01 -6.946406853990168967e-03 6.034719729508929431e-01
1.583974487304687500e+03 1.584974487304687500e+03 1.584247185927260716e+03 1.243179946863494801e-03 7.643907167447305286e-03 3.644523819445230628e-03 2.072562043497870618e+05 9.881728766911235289e+04 -2.018781915470837100e-05 6.987628038051977416e-06 nan nan nan nan nan nan nan nan 4.480483126421819229e+00 -2.870222357312213635e-03 7.451553797592858075e-02
1.585285644531250000e+03 1.586285644531250000e+03 1.585786135242588898e+03 1.484374339804334195e-04 4.504038994595820772e-03 5.293245120202405129e-04 3.520809071913669468e+05 4.137731813920426794e+04 -1.992749122770941890e-04 1.291280858118140222e-05 nan nan nan nan nan nan nan nan -5.634199653264479579e+00 3.600348362032927685e-03 5.734996945616912534e-01
1.587270996093750000e+03 1.588270996093750000e+03 1.587770212955859733e+03 2.109491868507056326e-04 5.652964637341649848e-03 8.036881234564903585e-04 2.808738980016901041e+05 3.993214719969311409e+04 -2.158741234730451430e-04 1.651895671559013246e-05 nan nan nan nan nan nan nan nan 1.121648046972905810e+01 -7.021579275308975285e-03 6.138180931773760118e-01
1.589222412109375000e+03 1.590222412109375000e+03 1.589722743499752141e+03 1.750061308995778367e-04 5.246157370587332947e-03 7.108540781033917226e-04 3.030261258292705170e+05 4.106002586299916584e+04 -1.877417842125337277e-04 1.263895925037130432e-05 nan nan nan nan nan nan nan nan 1.242128603459044189e+00 -7.364126649505176991e-04 5.278022414670442419e-01
1.590008300781250000e+03 1.591008300781250000e+03 1.590527670670077441e+03 4.081517851595897316e-04 1.715538830653816956e-03 1.438107381778123755e-03 9.271300901209587464e+05 7.771975793538204161e+05 -7.667927255297965196e-06 3.681474618378023889e-06 nan nan nan nan nan nan nan nan 6.864017583923095245e+00 -4.272367725004364708e-03 1.394059341623317128e-01
1.590774291992187500e+03 1.591774291992187500e+03 1.591272339962603610e+03 9.844217910831216164e-04 4.896281566137199344e-03 2.781919473600547119e-03 3.249960849816892296e+05 1.846529709214237519e+05 -2.401766406808514219e-05 9.409181734866200954e-06 1.591449588944011794e+03 9.844217910831216164e-04 5.087264006666946271e-04 2.781919473600547119e-03 3.128301552383343689e+06 1.433314559364710450e+08 -1.802150713802443988e-06 9.409181734866200954e-06 1.603285263273100014e+01 -1.003533750754610245e-02 2.639674293786964387e-01
1.591199707031250000e+03 1.592199707031250000e+03 1.591700225326745340e+03 3.143679356716479298e-04 7.095133988464685099e-03 1.366415705990023334e-03 2.243368804471546027e+05 4.320389683610344218e+04 -2.361780489816636425e-04 2.074599863965806404e-05 1.591711764128613140e+03 3.143679356716479298e-04 3.072840297361579664e-03 1.366415705990023334e-03 5.179936508562772069e+05 1.563612951680503320e+05 -8.705739879961322278e-05 2.074599863965806404e-05 -4.036785744483185390e+00 2.576025528889618315e-03 5.902371893504465561e-01
1.593192993164062500e+03 1.594192993164062500e+03 1.593691941450881814e+03 1.847681776605336677e-04 5.709249235034363074e-03 7.323880099510050217e-04 2.791421211166111752e+05 3.580862109218294063e+04 -2.398186718359649665e-04 1.630729511899996898e-05 nan nan nan nan nan nan nan nan 3.462339645107232577e+00 -2.125166937372535442e-03 5.999410257477402197e-01
1.595159423828125000e+03 1.596159423828125000e+03 1.595663538227384151e+03 4.308930323169098456e-04 1.277984409404764668e-02 8.310708171532078890e-04 1.248578250630288967e+05 8.119480483516099412e+03 -5.216250210743226872e-04 2.472630410636635380e-05 nan nan nan nan nan nan nan nan 3.629294783861002127e+00 -2.236924854575399104e-03 5.486792233547781450e-01
1.595385009765625000e+03 1.596385009765625000e+03 1.595659035635059126e+03 9.316107699630767286e-04 9.024207181135571187e-03 2.315228003029707032e-03 1.768198583661360026e+05 4.536446020852217771e+04 -2.584816418660592936e-04 5.269989231001997928e-05 1.595669137506524066e+03 9.316107699630767286e-04 5.345826772518043161e-03 2.315228003029707032e-03 2.984887474673850229e+05 5.501501961317010137e+04 -2.012304937868108340e-04 5.269989231001997928e-05 -3.570801240492656348e+00 2.274838092959409648e-03 5.492296610882736463e-01
1.595644653320312500e+03 1.596644653320312500e+03 1.596072272740825156e+03 1.719299755826606034e-03 3.886610406718544862e-05 8.152032297409833594e-01 4.106591877543972433e+07 8.613435902952762451e+11 -7.380000460310466417e-06 1.543109184457883698e-01 nan nan nan nan nan nan nan nan -1.576651805653252225e+01 9.915227860464266227e-03 2.093616961815921718e-01
1.595933349609375000e+03 1.596933349609375000e+03 1.595786042867447350e+03 7.039630791523204162e-12 2.627816761381335849e-03 1.132442766455897441e-16 6.072668636258366751e+05 2.630657767117817332e-08 -3.760472508915745088e-17 1.698744316485598441e-02 nan nan nan nan nan nan nan nan -1.318656066791112735e+01 8.299142905052681041e-03 2.869888027476449333e-01
