StartWavelength[nm] EndWavelength[nm] w_r[nm] sigma(w_r)[nm] width[nm] sigma(width)[nm] Q_L[-] sigma(Q_L)[nm] Amplitude[-] sigma(Amp)[-] w_r1[nm] sigma1(w_r)[nm] width1[nm] sigma1(width)[nm] Q_L1[-] sigma1(Q_L)[nm] Amplitude1[-] sigma1(Amp)[-] b[-] c[-] R2
1.520599975585937500e+03 1.521599975585937500e+03 1.521063094500343368e+03 9.679431339960171618e-03 4.949783883934592565e-01 5.554359740027264847e-02 3.072988902479611625e+03 3.448329516835647723e+02 -1.248052070992261694e-03 2.021748104429892817e-04 nan nan nan nan nan nan nan nan 4.101502992914780599e-01 -2.063121693895998937e-04 3.312711714540188535e-01
1.521442871093750000e+03 1.522442871093750000e+03 1.521941033184095659e+03 2.391372580793074611e-04 7.684317590810002888e-03 6.569950986156392623e-04 1.980580598339986173e+05 1.693360184749515975e+04 -1.443164516971665869e-04 8.173127802550681945e-06 nan nan nan nan nan nan nan nan 1.514778165398132437e+01 -9.891851135137659859e-03 6.059691184150914900e-01
1.521926269531250000e+03 1.522926269531250000e+03 1.522039988916917309e+03 3.652431643490743583e-03 3.562678985058806980e-01 2.323156833909162042e-02 4.272178311040824155e+03 2.785808176183390401e+02 -4.029675969539637734e-03 4.694678860925675891e-04 nan nan nan nan nan nan nan nan 3.291545005718077022e+01 -2.167443965199958300e-02 4.957616774979273222e-01
1.523096679687500000e+03 1.524096679687500000e+03 1.523596069057045725e+03 1.192315634399574348e-04 6.219850318088745306e-03 2.059893838029141827e-04 2.449570313012324914e+05 8.112501966378184079e+03 -4.038952534332760822e-04 1.034983950504278368e-05 nan nan nan nan nan nan nan nan 6.893900394922661157e+00 -4.464964542042471757e-03 7.442150480909619503e-01
1.523456176757812500e+03 1.524456176757812500e+03 1.524015863237066242e+03 8.645847239459148598e-03 2.136478486819445299e-01 3.461608031407746588e-02 7.133307789613430032e+03 1.155767104724057845e+03 -7.313659003383043327e-04 1.175402124567114469e-04 nan nan nan nan nan nan nan nan -1.288219000914061851e+01 8.514186620265295699e-03 2.751900202940732454e-01
1.524960083007812500e+03 1.525960083007812500e+03 1.525461731032635271e+03 3.307471920584290526e-04 1.804501828223044682e-02 5.515796353724719331e-04 8.453644696690666024e+04 2.584014150918344967e+03 -1.311737510786318943e-03 3.473205367613376089e-05 1.525475057278602662e+03 3.307471920584290526e-04 1.965250330044064856e-07 5.515796353724719331e-04 7.762242977180410385e+09 1.770142783395204800e+17 -4.994618368596028088e-05 3.473205367613376089e-05 1.895128666478860779e+01 -1.236389810153390272e-02 6.840944394777404014e-01
1.526820556640625000e+03 1.527820556640625000e+03 1.527321424255688271e+03 2.969441094472304076e-04 2.526986231964407567e-02 8.768514551955196214e-04 6.044043315061483008e+04 2.097252493552267424e+03 -8.310247283028010740e-04 1.718166262691037992e-05 nan nan nan nan nan nan nan nan -1.332933482734749475e+01 8.790202591146965144e-03 8.603143103976349515e-01
1.527955078125000000e+03 1.528955078125000000e+03 1.528455577608730664e+03 5.593878272767230939e-04 1.932561523667226944e-02 1.596177989612915758e-03 7.908962063512134773e+04 6.532320452406634104e+03 -1.674051110806408342e-04 9.799544250133921996e-06 nan nan nan nan nan nan nan nan 2.781484116819482111e+01 -1.813395816298267113e-02 8.403567292171941761e-01
1.528636108398437500e+03 1.529636108398437500e+03 1.529133825421304209e+03 1.129088968863716999e-04 4.642063209110519791e-03 1.884820576008420807e-04 3.294082300344863907e+05 1.337498827370576691e+04 -3.365010835298637534e-04 1.151304031046397123e-05 nan nan nan nan nan nan nan nan 8.897615371259802730e-01 -5.232082770170151708e-04 5.026011157426991671e-01
1.530165161132812500e+03 1.531165161132812500e+03 1.530592608283350273e+03 3.153605099939695271e-03 3.640793881321039982e-01 1.553685717433751085e-02 4.204007857011625674e+03 1.794033714608771106e+02 -2.078480247788596236e-03 1.103175224903143412e-04 1.530972230720343987e+03 3.153605099939695271e-03 1.133235071509996854e-02 1.553685717433751085e-02 1.350974982340050628e+05 4.333959752998357544e+03 -3.394828491313058505e-04 1.103175224903143412e-04 -1.595071108497959322e+01 1.048213775769475664e-02 9.121386205872765718e-01
1.530471679687500000e+03 1.531471679687500000e+03 1.530672119140625227e+03 4.323572217759447979e-03 9.675095963733264248e-02 1.721936808381002715e-02 1.582074353451678871e+04 2.815715806188173701e+03 -2.863120926891474737e-04 4.892236614269442090e-05 1.530972230244916773e+03 4.323572217759447979e-03 1.010482148965009125e-02 1.721936808381002715e-02 1.515090822547456191e+05 8.528891388991412896e+03 -3.106673095830003338e-04 4.892236614269442090e-05 -3.051011899697506990e+01 1.998992716003688760e-02 8.767503572186574612e-01
1.530969970703125000e+03 1.531969970703125000e+03 1.531469703307719328e+03 1.064646342262287777e-03 5.669624843982817505e-03 3.014966226054901794e-03 2.701183491766779916e+05 1.436422553902145301e+05 -2.530352870343043303e-05 9.435761009092380645e-06 nan nan nan nan nan nan nan nan -1.098998282776564395e+01 7.240834771608551171e-03 1.771784518411287923e-01
1.531824829101562500e+03 1.532824829101562500e+03 1.532242371702362334e+03 6.368379941619280345e-03 2.468842209136484778e-01 2.710572784339248045e-02 6.206319569683181726e+03 6.813995996298741602e+02 -1.028077585595768128e-03 1.192106345606165825e-04 nan nan nan nan nan nan nan nan 1.790164652493285047e+01 -1.162001103397347808e-02 4.783290545542036032e-01
1.532311157226562500e+03 1.533311157226562500e+03 1.532808821928313591e+03 1.022294731704799433e-04 4.853489388774807380e-03 1.813161291173236004e-04 3.158158386981142103e+05 1.179821377980378566e+04 -3.867735811618934353e-04 1.235222960440305417e-05 nan nan nan nan nan nan nan nan -1.558857917407333149e+00 1.078020469652507920e-03 4.646741262373734749e-01
1.533367797851562500e+03 1.534367797851562500e+03 1.533956645053545117e+03 3.056489844347223556e-03 3.916850237024689374e-01 1.574539353146981943e-02 3.916301497957620086e+03 1.574318766801229117e+02 -2.247392179777122842e-03 1.187213991357580179e-04 nan nan nan nan nan nan nan nan -8.753679460454216965e+00 5.769915505226710754e-03 7.728131709770983404e-01
1.534150756835937500e+03 1.535150756835937500e+03 1.534661522325364331e+03 5.954532848159168560e-04 1.013801795776005966e-02 1.100017258459924045e-03 1.513768794570610044e+05 1.642502317804439372e+04 -2.681628957036513434e-04 3.405059932656531914e-05 1.534653579823913333e+03 5.954532848159168560e-04 4.600141838379086072e-03 1.100017258459924045e-03 3.336100567639598157e+05 2.489635798281746247e+04 -3.525261703086255793e-04 3.405059932656531914e-05 -8.658201698052264916e+00 5.706908348173239491e-03 7.490343124362791594e-01
1.535195312500000000e+03 1.536195312500000000e+03 1.535954406880692204e+03 5.813396546515062343e-04 2.853490815313796877e-02 1.792628537633681168e-03 5.382720696480615879e+04 3.381548901091030530e+03 -2.258129647952018316e-04 1.074604710671565697e-05 1.535609614908443064e+03 5.813396546515062343e-04 4.822670190662948775e-01 1.792628537633681168e-03 3.184148105092275273e+03 1.436513564265301284e+02 -3.228872170632037832e-03 1.074604710671565697e-05 1.676073085394845563e+01 -1.084963603762052059e-02 8.440968272870801314e-01
1.535453979492187500e+03 1.536453979492187500e+03 1.535952224922895084e+03 8.538510313943609414e-04 1.412032905612389290e-02 2.446246649884575852e-03 1.087759512415018980e+05 1.884466043647185870e+04 -1.010406198681051634e-04 1.654222667212376757e-05 1.535965473450060927e+03 8.538510313943609414e-04 8.164785744258376207e-03 2.446246649884575852e-03 1.881207323205240828e+05 9.257553089581851964e+04 -2.622327012997653634e-05 1.654222667212376757e-05 -1.264327047939062920e+00 8.812948317744512044e-04 2.879771131925960015e-01
1.535993286132812500e+03 1.536993286132812500e+03 1.536498725591766970e+03 1.105155770392272815e-04 8.633041430941724298e-03 1.845161164966307760e-04 1.779788430164130405e+05 3.803985558836323889e+03 -5.793377280976067011e-04 1.001671960246885382e-05 nan nan nan nan nan nan nan nan 7.334066488386903337e+00 -4.715405469825285217e-03 8.645029460155170264e-01
1.536754150390625000e+03 1.537754150390625000e+03 1.537353711073884369e+03 3.490261427660951068e-03 6.017829307879754563e-02 1.449522802217268098e-02 2.554664867381451404e+04 6.153456317892698280e+03 -1.846092873445511146e-04 4.991796627110241453e-05 1.537222081312625050e+03 3.490261427660951068e-03 2.186190606615527332e-01 1.449522802217268098e-02 7.031509863142356153e+03 9.273437361324371295e+02 -8.742309082488107248e-04 4.991796627110241453e-05 -9.108141055269205921e+00 5.983842373321052524e-03 5.490441038120421613e-01
1.537005859375000000e+03 1.538005859375000000e+03 1.537286341548070368e+03 5.608742431493799786e-03 2.241616607229907632e-01 2.763772211715302685e-02 6.857936083226033588e+03 8.455403624199882415e+02 -8.842191489152970846e-04 1.298619821053797910e-04 nan nan nan nan nan nan nan nan -1.900102604026107045e+01 1.241847501239901064e-02 7.450041546978461993e-01
1.537851684570312500e+03 1.538851684570312500e+03 1.538350684568212955e+03 1.104704966864675263e-04 7.177030745087569809e-03 3.573837165754373507e-04 2.143436107781983446e+05 1.067334374965903589e+04 -4.303503860829662408e-04 1.227911973388326669e-05 nan nan nan nan nan nan nan nan -4.000351947840856681e+00 2.666429438743121803e-03 8.389233380504916848e-01
1.538637695312500000e+03 1.539637695312500000e+03 1.538855162555836614e+03 4.769144026831778453e-03 9.110926098184217448e-02 1.843147251304322679e-02 1.689021671312344552e+04 3.416903636018430916e+03 -1.463118449587996674e-04 2.924674517997632274e-05 1.539074494149111615e+03 4.769144026831778453e-03 2.220010042609740775e-01 1.843147251304322679e-02 6.932736630055272144e+03 3.035045759581033735e+02 -1.235308178461913932e-03 2.924674517997632274e-05 6.670860370882437884e+00 -4.268236546793302381e-03 7.321209306906276693e-01
1.539703247070312500e+03 1.540703247070312500e+03 1.540201031891077264e+03 1.242291889297676157e-04 7.584264304109689103e-03 3.341740223751642918e-04 2.030785017679945158e+05 8.947942354418357354e+03 -4.250487285058198242e-04 1.159804093179318208e-05 nan nan nan nan nan nan nan nan 1.758973162487382069e+01 -1.136150689467431418e-02 8.723977107349648596e-01
1.539942871093750000e+03 1.540942871093750000e+03 1.540447634431242022e+03 8.879760066797207519e-04 1.791235662520883343e-02 2.558912530660305620e-03 8.599916061649328913e+04 1.228561569726109883e+04 -7.976648050967916005e-05 8.172587620762428640e-06 1.540201031551717278e+03 8.879760066797207519e-04 7.755893296636729752e-03 2.558912530660305620e-03 1.985846081997557776e+05 8.905969479263396352e+03 -4.303148549834845643e-04 8.172587620762428640e-06 1.531031071792932252e+01 -9.881354748813955466e-03 8.566607623073526634e-01
1.540174560546875000e+03 1.541174560546875000e+03 1.540448409973633034e+03 2.096074016803940471e-03 9.255587862395565565e-03 6.032902024489293115e-03 1.664344213329015474e+05 1.084839312568821624e+05 -3.043019175509570064e-05 1.416354865612419314e-05 nan nan nan nan nan nan nan nan -6.463940957414815891e+00 4.252012083027966773e-03 6.407595100481722206e-02
1.541583740234375000e+03 1.542583740234375000e+03 1.542081798445022741e+03 1.577473844947702435e-04 7.917226162820008642e-03 3.820036620211378418e-04 1.947755143950257043e+05 9.397857057630882991e+03 -4.681562919602412563e-04 1.465447047817071684e-05 1.541972191900794314e+03 1.577473844947702435e-04 1.127302619436563839e-02 3.820036620211378418e-04 1.367842285926281475e+05 1.410466939937666393e+04 -1.199038573460914803e-04 1.465447047817071684e-05 2.121918039068692963e+01 -1.369942714691011962e-02 8.422051497507209161e-01
1.541999145507812500e+03 1.542999145507812500e+03 1.542207031721953399e+03 1.779709397395213936e-04 1.005770168803683625e-05 4.275437381836146855e-01 1.533359289783207774e+08 6.518170682197350586e+12 -2.712922687832103330e-04 1.153044597492334944e+01 nan nan nan nan nan nan nan nan 5.350921583309672241e-02 -9.333328207837275387e-05 4.280273449529636842e-03
1.543439208984375000e+03 1.544439208984375000e+03 1.543938343252827281e+03 1.238597838991489428e-04 1.013388195046472338e-02 3.840304959181435672e-04 1.523540880779674626e+05 5.773563999054317719e+03 -3.668288695071983169e-04 7.714013661151582123e-06 1.544178339872700008e+03 1.238597838991489428e-04 2.003947403199793087e-01 3.840304959181435672e-04 7.705682980536519608e+03 4.472354721889749385e+02 -1.016533673996338144e-03 7.714013661151582123e-06 -3.506589501470568138e+00 2.331379476264340642e-03 8.740723553193068263e-01
1.543666870117187500e+03 1.544666870117187500e+03 1.544190221989105567e+03 2.410067555769047649e-03 2.586321524954797169e-01 1.024583198480178044e-02 5.970604223371238731e+03 2.365282397321175267e+02 -1.464432386957508891e-03 6.005303375286916129e-05 1.543938339818204440e+03 2.410067555769047649e-03 1.002629371030294356e-02 1.024583198480178044e-02 1.539889399241980282e+05 5.939059210600792539e+03 -3.646592724626721406e-04 6.005303375286916129e-05 -8.916257235571784179e+00 5.835682889971318017e-03 9.033771799675641700e-01
1.545292724609375000e+03 1.546292724609375000e+03 1.545795608021142925e+03 3.168345830580175529e-04 1.479881213397747988e-02 1.341645681337346602e-03 1.044540327984877949e+05 9.469699374111409270e+03 -7.265132576385896360e-04 3.232988638732205643e-05 nan nan nan nan nan nan nan nan 2.515345395986542343e+01 -1.621048084539142634e-02 7.841809411212955494e-01
1.547198120117187500e+03 1.548198120117187500e+03 1.547704964543991764e+03 2.844152056220213020e-04 1.780940241891742007e-02 5.153204773750055118e-04 8.690381227502590627e+04 2.514588248093481070e+03 -1.314726975277555549e-03 3.288077345783416746e-05 nan nan nan nan nan nan nan nan 4.589680670517581440e+00 -2.909623993630781891e-03 5.686248474190679358e-01
1.548849853515625000e+03 1.549849853515625000e+03 1.549558703470130240e+03 3.292779975734691955e-04 1.085581805136079901e-02 7.647503359412406677e-04 1.427399295141916955e+05 1.005547518687642696e+04 -6.363128214483907428e-04 2.987841883395413954e-05 nan nan nan nan nan nan nan nan 1.453480832978675785e+01 -9.320890215827269329e-03 6.343668614246724680e-01
1.549056640625000000e+03 1.550056640625000000e+03 1.549579508815002100e+03 1.982328086016794597e-03 2.804740333589537601e-02 5.265730996945311611e-03 5.524859076105034910e+04 1.037259005515262288e+04 -2.512128647317642279e-04 4.341146135452538527e-05 1.549556607499213669e+03 1.982328086016794597e-03 8.087529760733142697e-03 5.265730996945311611e-03 1.915982572358095204e+05 1.709520330829238083e+04 -4.839559305418015970e-04 4.341146135452538527e-05 5.918785256727529642e+00 -3.759777616135889875e-03 6.190015604714845798e-01
1.550602539062500000e+03 1.551602539062500000e+03 1.551185887687817512e+03 1.381323540564833186e-03 3.532984942669104705e-02 4.257924259801685977e-03 4.390581655057735043e+04 5.291492731383490536e+03 -3.081125875226617405e-04 2.870941264735438902e-05 nan nan nan nan nan nan nan nan -9.550090972292155200e+00 6.098909609550357686e-03 2.510499093186162600e-01
1.550935058593750000e+03 1.551935058593750000e+03 1.551441958106049697e+03 2.151832931858490281e-04 8.543577263476152470e-03 3.518767795350666414e-04 1.815916108979869459e+05 7.479053476451217648e+03 -6.056501379596772143e-04 2.053581824414658124e-05 nan nan nan nan nan nan nan nan -4.291682459358010959e+00 2.825983998640373314e-03 5.554496971231521751e-01
1.552590820312500000e+03 1.553590820312500000e+03 1.553313593534407801e+03 3.226875561715237075e-04 4.180909434294615042e-03 1.052704845353462587e-03 3.715252908357906272e+05 9.354578949407693290e+04 -5.729875975145983679e-05 1.151966106847064605e-05 1.553327466945396282e+03 3.226875561715237075e-04 1.350752357143780724e-02 1.052704845353462587e-03 1.149972057224440941e+05 9.513559586091314486e+03 -3.621730396998099847e-04 1.151966106847064605e-05 1.317354033328446405e+01 -8.424349462362807142e-03 7.074892619422876727e-01
1.552825561523437500e+03 1.553825561523437500e+03 1.553327578321660667e+03 3.227874888357840240e-04 1.453491712053451256e-02 9.175021608291422659e-04 1.068686918157355103e+05 6.745979688313937004e+03 -3.824913533502555165e-04 1.674643277473786900e-05 1.553313557528994124e+03 3.227874888357840240e-04 4.117194800033370516e-03 9.175021608291422659e-04 3.772747302402121713e+05 7.943566781571546744e+04 -5.522613900459948685e-05 1.674643277473786900e-05 1.378262476155583061e+00 -8.304343793020766296e-04 7.242454599587103692e-01
1.554243652343750000e+03 1.555243652343750000e+03 1.554740255731247089e+03 8.675392872938891831e-03 7.000657443068887542e-02 2.734133906645935114e-02 2.220848925082804271e+04 8.673611582350155004e+03 -1.544510282466072853e-04 4.729624183027764122e-05 nan nan nan nan nan nan nan nan 2.539900270136953964e+00 -1.575442787957839199e-03 3.244406150476941697e-02
1.554709960937500000e+03 1.555709960937500000e+03 1.555210774119351754e+03 1.580270575094425037e-04 6.304604796837718315e-03 6.200282213447708612e-04 2.466785507157274697e+05 2.425967494758369503e+04 -3.263807124602984694e-04 1.789550755352026012e-05 1.555227435285422871e+03 1.580270575094425037e-04 2.154891280823142963e-02 6.200282213447708612e-04 7.217196751992724603e+04 1.182179113756778679e+04 -1.365379634368430785e-04 1.789550755352026012e-05 -1.093419113883166816e+01 7.090259163835139697e-03 8.041846717682507029e-01
1.556596435546875000e+03 1.557596435546875000e+03 1.557099080398110118e+03 1.221775812729657476e-04 8.017049526240641391e-03 2.472048628926210175e-04 1.942234578072097502e+05 5.988859505079267365e+03 -4.768617497946546686e-04 1.040409172581036192e-05 nan nan nan nan nan nan nan nan -6.039871898650541748e-01 4.451440710679417526e-04 8.343276990967696261e-01
1.557887695312500000e+03 1.558887695312500000e+03 1.558419434387626552e+03 4.419757882056919544e-03 1.658105017040056306e-01 1.631753803840925790e-02 9.398798136258086743e+03 9.249428992210919205e+02 -4.181463093155680499e-04 3.761190171700588266e-05 nan nan nan nan nan nan nan nan 1.295610037043221752e+00 -7.734950536158361834e-04 3.186548111114134718e-01
1.558534790039062500e+03 1.559534790039062500e+03 1.559036393526574557e+03 1.929065673902743711e-04 1.338215979828804962e-02 7.903418818942893262e-04 1.165011042332657380e+05 6.880481428301515734e+03 -5.974294188672337738e-04 1.735397397302139322e-05 1.558944997521711457e+03 1.929065673902743711e-04 7.781116526320569840e-03 7.903418818942893262e-04 2.003497817117107916e+05 1.020451879144410668e+04 -4.262934762121297402e-04 1.735397397302139322e-05 5.094816263842021770e-02 2.462815811468212267e-05 8.920059874802149791e-01
1.559656250000000000e+03 1.560656250000000000e+03 1.559952863545223181e+03 6.294018532615493558e-03 2.092561575500012094e-01 2.945186557711415576e-02 7.454752499564924619e+03 1.049222977180945236e+03 -5.321216066303254911e-04 8.575238574294637563e-05 nan nan nan nan nan nan nan nan -1.031836580131272818e+01 6.558344478258900170e-03 5.613424328865307400e-01
1.560006835937500000e+03 1.561006835937500000e+03 1.560441671964623310e+03 6.297939341376216152e-03 1.486184359433204150e-01 2.277180328690915287e-02 1.049965074696210104e+04 1.608790860678961280e+03 -4.340109504649421841e-04 5.958573046518536142e-05 nan nan nan nan nan nan nan nan 8.955616922535867275e+00 -5.683329092761276943e-03 2.511177941159435933e-01
1.560405273437500000e+03 1.561405273437500000e+03 1.560929138028574243e+03 2.551351114703937634e-03 3.140998662686456111e-02 6.455871273294948483e-03 4.969531367751463404e+04 1.021415742099661293e+04 -1.160720309678856682e-04 2.447729057828283675e-05 1.560907115272033025e+03 2.551351114703937634e-03 1.138485339194035550e-02 6.455871273294948483e-03 1.371038397716250911e+05 1.679735381038909691e+04 -1.339011748782248747e-04 2.447729057828283675e-05 -7.537155764011699510e+00 4.883965339758562958e-03 6.032079380431819571e-01
1.561544677734375000e+03 1.562544677734375000e+03 1.562034822461066142e+03 1.876129765839898910e-03 1.612118850523459532e-02 5.401352752900484902e-03 9.689327942253569199e+04 3.246378400574480838e+04 -5.834713521893372890e-05 1.400955691457229852e-05 nan nan nan nan nan nan nan nan -5.252707314050277354e+00 3.422834197353161190e-03 8.961641238910511564e-02
